,Annee,Mois,Jour,Date,Co2
0,1974,5,26,1974.3986,332.95
1,1974,6,2,1974.4178,332.32
2,1974,6,9,1974.4370000000001,332.18
3,1974,6,16,1974.4562,332.37
4,1974,6,23,1974.4753,331.59
5,1974,6,30,1974.4945,331.68
6,1974,7,7,1974.5137,331.44
7,1974,7,14,1974.5329,330.85
8,1974,7,21,1974.5521,330.76
9,1974,7,28,1974.5712,329.8
10,1974,8,4,1974.5904,329.85
11,1974,8,11,1974.6096,329.05
12,1974,8,18,1974.6288,329.06
13,1974,8,25,1974.6479,328.33
14,1974,9,1,1974.6671,328.05
15,1974,9,8,1974.6863,327.57
16,1974,9,15,1974.7055,326.73
17,1974,9,22,1974.7247,326.96
18,1974,9,29,1974.7438,327.31
19,1974,10,6,1974.763,327.07
20,1974,10,13,1974.7822,327.23
21,1974,10,20,1974.8014,327.4
22,1974,10,27,1974.8205,327.64
23,1974,11,3,1974.8397,327.8
24,1974,11,10,1974.8589,328.5
25,1974,11,17,1974.8781,328.56
26,1974,11,24,1974.8973,328.46
27,1974,12,1,1974.9164,328.76
28,1974,12,8,1974.9356,329.39
29,1974,12,15,1974.9548,329.77
30,1974,12,22,1974.974,329.96
31,1974,12,29,1974.9932,330.38
32,1975,1,5,1975.0123,330.43
33,1975,1,12,1975.0315,330.59
34,1975,1,19,1975.0507,330.8
35,1975,1,26,1975.0699,331.22
36,1975,2,2,1975.089,331.64
37,1975,2,9,1975.1082,331.12
38,1975,2,16,1975.1274,331.41
39,1975,2,23,1975.1466,331.96
40,1975,3,2,1975.1658,331.73
41,1975,3,9,1975.1849,331.61
42,1975,3,16,1975.2041,332.11
43,1975,3,23,1975.2233,331.86
44,1975,3,30,1975.2425,333.3
45,1975,4,6,1975.2616,332.79
46,1975,4,13,1975.2808,333.31
47,1975,4,20,1975.3,333.39
48,1975,4,27,1975.3192,333.49
49,1975,5,4,1975.3384,333.94
50,1975,5,11,1975.3575,334.25
51,1975,5,18,1975.3767,333.45
52,1975,5,25,1975.3959,334.0
53,1975,6,1,1975.4151,333.96
54,1975,6,8,1975.4342,333.32
55,1975,6,15,1975.4534,333.22
56,1975,6,22,1975.4726,333.47
57,1975,6,29,1975.4918,333.01
58,1975,7,6,1975.511,332.32
59,1975,7,13,1975.5301,331.83
60,1975,7,20,1975.5493,331.36
61,1975,7,27,1975.5685,331.21
62,1975,8,3,1975.5877,331.01
63,1975,8,10,1975.6068,330.38
64,1975,8,17,1975.626,329.48
65,1975,8,24,1975.6452,328.73
66,1975,8,31,1975.6644,329.24
67,1975,9,7,1975.6836,329.42
68,1975,9,14,1975.7027,327.95
69,1975,9,21,1975.7219,327.96
70,1975,9,28,1975.7411,327.97
71,1975,10,5,1975.7603,-999.99
72,1975,10,12,1975.7795,328.35
73,1975,10,19,1975.7986,328.63
74,1975,10,26,1975.8178,328.8
75,1975,11,2,1975.8370000000002,329.03
76,1975,11,9,1975.8562,329.01
77,1975,11,16,1975.8753,329.25
78,1975,11,23,1975.8945,330.18
79,1975,11,30,1975.9137,329.72
80,1975,12,7,1975.9329,-999.99
81,1975,12,14,1975.9521,-999.99
82,1975,12,21,1975.9712,-999.99
83,1975,12,28,1975.9904,-999.99
84,1976,1,4,1976.0096,331.33
85,1976,1,11,1976.0287,331.62
86,1976,1,18,1976.0478,331.66
87,1976,1,25,1976.0669,331.87
88,1976,2,1,1976.0861,332.45
89,1976,2,8,1976.1052,332.51
90,1976,2,15,1976.1243,332.64
91,1976,2,22,1976.1434,333.49
92,1976,2,29,1976.1626,332.43
93,1976,3,7,1976.1817,332.99
94,1976,3,14,1976.2008,333.56
95,1976,3,21,1976.2199,334.15
96,1976,3,28,1976.2391,334.67
97,1976,4,4,1976.2582,335.06
98,1976,4,11,1976.2773,333.65
99,1976,4,18,1976.2964,334.5
100,1976,4,25,1976.3156,334.93
101,1976,5,2,1976.3347,334.17
102,1976,5,9,1976.3538,334.33
103,1976,5,16,1976.3729999999998,335.29
104,1976,5,23,1976.3921,335.38
105,1976,5,30,1976.4112,334.43
106,1976,6,6,1976.4303,334.25
107,1976,6,13,1976.4495,334.18
108,1976,6,20,1976.4686,334.02
109,1976,6,27,1976.4877,-999.99
110,1976,7,4,1976.5068,333.59
111,1976,7,11,1976.526,333.48
112,1976,7,18,1976.5451,332.41
113,1976,7,25,1976.5642,332.24
114,1976,8,1,1976.5833,331.69
115,1976,8,8,1976.6025,330.7
116,1976,8,15,1976.6216,330.44
117,1976,8,22,1976.6407,330.23
118,1976,8,29,1976.6598,330.43
119,1976,9,5,1976.6789999999999,329.54
120,1976,9,12,1976.6981,329.54
121,1976,9,19,1976.7172,328.58
122,1976,9,26,1976.7363,328.03
123,1976,10,3,1976.7555,328.55
124,1976,10,10,1976.7746,328.54
125,1976,10,17,1976.7937,329.27
126,1976,10,24,1976.8128,328.77
127,1976,10,31,1976.832,329.32
128,1976,11,7,1976.8511,330.46
129,1976,11,14,1976.8702,330.17
130,1976,11,21,1976.8893,330.55
131,1976,11,28,1976.9085,330.68
132,1976,12,5,1976.9276,331.19
133,1976,12,12,1976.9467,332.39
134,1976,12,19,1976.9658,331.7
135,1976,12,26,1976.985,332.39
136,1977,1,2,1977.0041,332.29
137,1977,1,9,1977.0233,332.49
138,1977,1,16,1977.0425,332.88
139,1977,1,23,1977.0616,332.98
140,1977,1,30,1977.0808,332.93
141,1977,2,6,1977.1,333.21
142,1977,2,13,1977.1192,333.15
143,1977,2,20,1977.1384,333.09
144,1977,2,27,1977.1575,334.34
145,1977,3,6,1977.1767,334.27
146,1977,3,13,1977.1959,335.18
147,1977,3,20,1977.2151,335.32
148,1977,3,27,1977.2342,335.16
149,1977,4,3,1977.2534,335.96
150,1977,4,10,1977.2726,335.85
151,1977,4,17,1977.2918,336.3
152,1977,4,24,1977.3110000000001,336.58
153,1977,5,1,1977.3301,337.0
154,1977,5,8,1977.3493,336.58
155,1977,5,15,1977.3685,337.14
156,1977,5,22,1977.3877,336.97
157,1977,5,29,1977.4068,336.63
158,1977,6,5,1977.4260000000002,336.12
159,1977,6,12,1977.4452,336.01
160,1977,6,19,1977.4644,336.34
161,1977,6,26,1977.4836,335.74
162,1977,7,3,1977.5027,335.46
163,1977,7,10,1977.5219,335.23
164,1977,7,17,1977.5411,334.59
165,1977,7,24,1977.5603,334.09
166,1977,7,31,1977.5795,333.42
167,1977,8,7,1977.5986,332.54
168,1977,8,14,1977.6178,332.84
169,1977,8,21,1977.6370000000002,331.82
170,1977,8,28,1977.6562,332.25
171,1977,9,4,1977.6753,331.18
172,1977,9,11,1977.6945,331.49
173,1977,9,18,1977.7137,330.94
174,1977,9,25,1977.7329,330.92
175,1977,10,2,1977.7521,330.93
176,1977,10,9,1977.7712,331.54
177,1977,10,16,1977.7904,331.27
178,1977,10,23,1977.8096,331.36
179,1977,10,30,1977.8288,331.87
180,1977,11,6,1977.8479,332.08
181,1977,11,13,1977.8671,332.53
182,1977,11,20,1977.8863,332.92
183,1977,11,27,1977.9055,332.65
184,1977,12,4,1977.9247,333.34
185,1977,12,11,1977.9438,333.4
186,1977,12,18,1977.963,334.03
187,1977,12,25,1977.9822,333.99
188,1978,1,1,1978.0014,334.66
189,1978,1,8,1978.0205,334.56
190,1978,1,15,1978.0397,334.94
191,1978,1,22,1978.0589,335.68
192,1978,1,29,1978.0781,335.23
193,1978,2,5,1978.0973,334.74
194,1978,2,12,1978.1164,335.27
195,1978,2,19,1978.1356,335.5
196,1978,2,26,1978.1548,335.95
197,1978,3,5,1978.174,336.06
198,1978,3,12,1978.1932,336.73
199,1978,3,19,1978.2123,336.91
200,1978,3,26,1978.2315,337.29
201,1978,4,2,1978.2507,337.33
202,1978,4,9,1978.2699,338.0
203,1978,4,16,1978.289,337.62
204,1978,4,23,1978.3082,337.87
205,1978,4,30,1978.3274,338.27
206,1978,5,7,1978.3466,338.04
207,1978,5,14,1978.3658,337.89
208,1978,5,21,1978.3849,337.79
209,1978,5,28,1978.4041,338.44
210,1978,6,4,1978.4233,338.46
211,1978,6,11,1978.4425,338.12
212,1978,6,18,1978.4616,337.62
213,1978,6,25,1978.4808,337.47
214,1978,7,2,1978.5,336.55
215,1978,7,9,1978.5192,336.79
216,1978,7,16,1978.5384,336.34
217,1978,7,23,1978.5575,335.74
218,1978,7,30,1978.5767,335.43
219,1978,8,6,1978.5959,334.64
220,1978,8,13,1978.6151,334.69
221,1978,8,20,1978.6342,334.21
222,1978,8,27,1978.6534,333.78
223,1978,9,3,1978.6726,332.81
224,1978,9,10,1978.6918,331.86
225,1978,9,17,1978.711,331.75
226,1978,9,24,1978.7301,332.81
227,1978,10,1,1978.7493,332.21
228,1978,10,8,1978.7685,331.85
229,1978,10,15,1978.7877,332.66
230,1978,10,22,1978.8068,332.77
231,1978,10,29,1978.826,333.22
232,1978,11,5,1978.8452,333.57
233,1978,11,12,1978.8644,333.6
234,1978,11,19,1978.8836,334.12
235,1978,11,26,1978.9027,334.1
236,1978,12,3,1978.9219,334.46
237,1978,12,10,1978.9411,334.96
238,1978,12,17,1978.9603,335.2
239,1978,12,24,1978.9795,335.07
240,1978,12,31,1978.9986,335.2
241,1979,1,7,1979.0178,335.48
242,1979,1,14,1979.037,336.64
243,1979,1,21,1979.0562,336.93
244,1979,1,28,1979.0753,337.02
245,1979,2,4,1979.0945,336.61
246,1979,2,11,1979.1137,336.52
247,1979,2,18,1979.1329,336.76
248,1979,2,25,1979.1521,336.97
249,1979,3,4,1979.1712,337.93
250,1979,3,11,1979.1904,338.1
251,1979,3,18,1979.2096,338.65
252,1979,3,25,1979.2288,338.97
253,1979,4,1,1979.2479,338.87
254,1979,4,8,1979.2671,338.78
255,1979,4,15,1979.2863,338.77
256,1979,4,22,1979.3055,339.38
257,1979,4,29,1979.3247,339.56
258,1979,5,6,1979.3438,338.6
259,1979,5,13,1979.3629999999998,339.19
260,1979,5,20,1979.3822,-999.99
261,1979,5,27,1979.4014,339.8
262,1979,6,3,1979.4205,339.74
263,1979,6,10,1979.4397,339.03
264,1979,6,17,1979.4589,339.13
265,1979,6,24,1979.4781,338.92
266,1979,7,1,1979.4973,338.14
267,1979,7,8,1979.5164,337.7
268,1979,7,15,1979.5356,337.91
269,1979,7,22,1979.5548,336.67
270,1979,7,29,1979.5739999999998,336.84
271,1979,8,5,1979.5932,336.35
272,1979,8,12,1979.6123,336.18
273,1979,8,19,1979.6315,334.81
274,1979,8,26,1979.6507,335.25
275,1979,9,2,1979.6699,333.74
276,1979,9,9,1979.6889999999999,334.4
277,1979,9,16,1979.7082,333.61
278,1979,9,23,1979.7274,333.61
279,1979,9,30,1979.7466,334.1
280,1979,10,7,1979.7658,334.53
281,1979,10,14,1979.7849,334.09
282,1979,10,21,1979.8041,334.12
283,1979,10,28,1979.8233,334.54
284,1979,11,4,1979.8425,334.8
285,1979,11,11,1979.8616,335.34
286,1979,11,18,1979.8808,335.63
287,1979,11,25,1979.9,335.88
288,1979,12,2,1979.9192,336.39
289,1979,12,9,1979.9384,336.72
290,1979,12,16,1979.9575,337.01
291,1979,12,23,1979.9767,337.18
292,1979,12,30,1979.9959,337.53
293,1980,1,6,1980.015,337.4
294,1980,1,13,1980.0342,337.71
295,1980,1,20,1980.0533,338.65
296,1980,1,27,1980.0724,337.89
297,1980,2,3,1980.0915,338.47
298,1980,2,10,1980.1107,338.19
299,1980,2,17,1980.1298,338.35
300,1980,2,24,1980.1489,338.91
301,1980,3,2,1980.168,339.51
302,1980,3,9,1980.1872,339.83
303,1980,3,16,1980.2063,339.51
304,1980,3,23,1980.2254,340.84
305,1980,3,30,1980.2445,340.64
306,1980,4,6,1980.2637,340.76
307,1980,4,13,1980.2828,340.98
308,1980,4,20,1980.3019,341.15
309,1980,4,27,1980.3210000000001,341.35
310,1980,5,4,1980.3402,341.39
311,1980,5,11,1980.3593,341.71
312,1980,5,18,1980.3784,341.45
313,1980,5,25,1980.3975,341.32
314,1980,6,1,1980.4167,341.64
315,1980,6,8,1980.4358,341.61
316,1980,6,15,1980.4549,341.5
317,1980,6,22,1980.474,340.76
318,1980,6,29,1980.4932,340.4
319,1980,7,6,1980.5123,339.42
320,1980,7,13,1980.5314,339.31
321,1980,7,20,1980.5505,338.77
322,1980,7,27,1980.5697,338.81
323,1980,8,3,1980.5888,336.78
324,1980,8,10,1980.6079,338.07
325,1980,8,17,1980.6270000000002,338.36
326,1980,8,24,1980.6462,337.21
327,1980,8,31,1980.6653,336.9
328,1980,9,7,1980.6844,336.24
329,1980,9,14,1980.7036,336.24
330,1980,9,21,1980.7227,335.36
331,1980,9,28,1980.7418,335.99
332,1980,10,5,1980.7609,335.72
333,1980,10,12,1980.7801,336.11
334,1980,10,19,1980.7992,336.51
335,1980,10,26,1980.8183,336.69
336,1980,11,2,1980.8374,336.97
337,1980,11,9,1980.8566,337.49
338,1980,11,16,1980.8757,337.2
339,1980,11,23,1980.8948,337.64
340,1980,11,30,1980.9139,337.88
341,1980,12,7,1980.9331,338.11
342,1980,12,14,1980.9522,338.5
343,1980,12,21,1980.9713,338.52
344,1980,12,28,1980.9904,338.6
345,1981,1,4,1981.0096,339.12
346,1981,1,11,1981.0288,339.25
347,1981,1,18,1981.0479,339.55
348,1981,1,25,1981.0671,339.67
349,1981,2,1,1981.0863,339.89
350,1981,2,8,1981.1055,340.7
351,1981,2,15,1981.1247,340.18
352,1981,2,22,1981.1438,341.34
353,1981,3,1,1981.1629999999998,341.23
354,1981,3,8,1981.1822,340.97
355,1981,3,15,1981.2014,341.53
356,1981,3,22,1981.2205,342.49
357,1981,3,29,1981.2397,342.23
358,1981,4,5,1981.2589,342.62
359,1981,4,12,1981.2781,342.8
360,1981,4,19,1981.2973,342.54
361,1981,4,26,1981.3164,342.71
362,1981,5,3,1981.3356,343.08
363,1981,5,10,1981.3548,343.04
364,1981,5,17,1981.374,342.95
365,1981,5,24,1981.3932,343.0
366,1981,5,31,1981.4123,342.87
367,1981,6,7,1981.4315,342.83
368,1981,6,14,1981.4507,342.4
369,1981,6,21,1981.4699,342.19
370,1981,6,28,1981.489,341.71
371,1981,7,5,1981.5082,341.3
372,1981,7,12,1981.5274,340.54
373,1981,7,19,1981.5466,340.72
374,1981,7,26,1981.5658,340.05
375,1981,8,2,1981.5849,339.3
376,1981,8,9,1981.6041,338.98
377,1981,8,16,1981.6233,338.18
378,1981,8,23,1981.6425,337.25
379,1981,8,30,1981.6616,337.6
380,1981,9,6,1981.6808,337.1
381,1981,9,13,1981.7,336.92
382,1981,9,20,1981.7192,336.84
383,1981,9,27,1981.7384,336.24
384,1981,10,4,1981.7575,336.66
385,1981,10,11,1981.7767,337.11
386,1981,10,18,1981.7959,337.22
387,1981,10,25,1981.8151,337.68
388,1981,11,1,1981.8342,338.13
389,1981,11,8,1981.8534,338.29
390,1981,11,15,1981.8726,338.43
391,1981,11,22,1981.8918,339.23
392,1981,11,29,1981.911,339.72
393,1981,12,6,1981.9301,339.7
394,1981,12,13,1981.9493,339.64
395,1981,12,20,1981.9685,340.03
396,1981,12,27,1981.9877,340.51
397,1982,1,3,1982.0068,340.59
398,1982,1,10,1982.026,340.75
399,1982,1,17,1982.0452,340.8
400,1982,1,24,1982.0644,341.64
401,1982,1,31,1982.0836,341.77
402,1982,2,7,1982.1027,341.58
403,1982,2,14,1982.1219,341.34
404,1982,2,21,1982.1411,341.97
405,1982,2,28,1982.1603,342.71
406,1982,3,7,1982.1795,342.47
407,1982,3,14,1982.1986,342.71
408,1982,3,21,1982.2178,-999.99
409,1982,3,28,1982.237,342.84
410,1982,4,4,1982.2562,343.37
411,1982,4,11,1982.2753,-999.99
412,1982,4,18,1982.2945,-999.99
413,1982,4,25,1982.3137,344.91
414,1982,5,2,1982.3329,344.24
415,1982,5,9,1982.3521,344.81
416,1982,5,16,1982.3712,344.67
417,1982,5,23,1982.3904,344.81
418,1982,5,30,1982.4096,343.96
419,1982,6,6,1982.4288,344.05
420,1982,6,13,1982.4479,344.07
421,1982,6,20,1982.4671,343.4
422,1982,6,27,1982.4863,343.28
423,1982,7,4,1982.5055,342.91
424,1982,7,11,1982.5247,342.27
425,1982,7,18,1982.5438,342.09
426,1982,7,25,1982.5629999999999,341.76
427,1982,8,1,1982.5822,341.06
428,1982,8,8,1982.6014,340.6
429,1982,8,15,1982.6205,340.43
430,1982,8,22,1982.6397,339.15
431,1982,8,29,1982.6589,338.88
432,1982,9,5,1982.6781,338.74
433,1982,9,12,1982.6973,338.96
434,1982,9,19,1982.7164,337.24
435,1982,9,26,1982.7356,337.51
436,1982,10,3,1982.7548,337.81
437,1982,10,10,1982.774,337.96
438,1982,10,17,1982.7932,338.25
439,1982,10,24,1982.8123,339.22
440,1982,10,31,1982.8315,339.02
441,1982,11,7,1982.8507,339.26
442,1982,11,14,1982.8699,339.56
443,1982,11,21,1982.889,340.37
444,1982,11,28,1982.9082,339.82
445,1982,12,5,1982.9274,340.57
446,1982,12,12,1982.9466,340.81
447,1982,12,19,1982.9658,341.35
448,1982,12,26,1982.9849,341.42
449,1983,1,2,1983.0041,341.69
450,1983,1,9,1983.0233,342.18
451,1983,1,16,1983.0425,341.44
452,1983,1,23,1983.0616,341.72
453,1983,1,30,1983.0808,342.08
454,1983,2,6,1983.1,342.78
455,1983,2,13,1983.1192,343.05
456,1983,2,20,1983.1384,343.03
457,1983,2,27,1983.1575,342.71
458,1983,3,6,1983.1767,342.63
459,1983,3,13,1983.1959,343.74
460,1983,3,20,1983.2151,344.93
461,1983,3,27,1983.2342,343.74
462,1983,4,3,1983.2534,344.74
463,1983,4,10,1983.2726,345.03
464,1983,4,17,1983.2918,345.6
465,1983,4,24,1983.3110000000001,345.82
466,1983,5,1,1983.3301,345.64
467,1983,5,8,1983.3493,345.94
468,1983,5,15,1983.3685,346.36
469,1983,5,22,1983.3877,346.07
470,1983,5,29,1983.4068,345.95
471,1983,6,5,1983.4260000000002,346.09
472,1983,6,12,1983.4452,345.73
473,1983,6,19,1983.4644,345.39
474,1983,6,26,1983.4836,344.96
475,1983,7,3,1983.5027,345.02
476,1983,7,10,1983.5219,344.31
477,1983,7,17,1983.5411,344.1
478,1983,7,24,1983.5603,343.39
479,1983,7,31,1983.5795,342.75
480,1983,8,7,1983.5986,-999.99
481,1983,8,14,1983.6178,342.06
482,1983,8,21,1983.6370000000002,341.89
483,1983,8,28,1983.6562,340.95
484,1983,9,4,1983.6753,340.34
485,1983,9,11,1983.6945,340.23
486,1983,9,18,1983.7137,340.29
487,1983,9,25,1983.7329,340.39
488,1983,10,2,1983.7521,339.98
489,1983,10,9,1983.7712,340.2
490,1983,10,16,1983.7904,340.82
491,1983,10,23,1983.8096,340.67
492,1983,10,30,1983.8288,341.07
493,1983,11,6,1983.8479,341.37
494,1983,11,13,1983.8671,341.66
495,1983,11,20,1983.8863,341.71
496,1983,11,27,1983.9055,342.24
497,1983,12,4,1983.9247,342.48
498,1983,12,11,1983.9438,342.74
499,1983,12,18,1983.963,343.43
500,1983,12,25,1983.9822,343.63
501,1984,1,1,1984.0014,344.09
502,1984,1,8,1984.0205,343.78
503,1984,1,15,1984.0396,343.98
504,1984,1,22,1984.0587,344.39
505,1984,1,29,1984.0779,344.59
506,1984,2,5,1984.0970000000002,344.86
507,1984,2,12,1984.1161,344.67
508,1984,2,19,1984.1352,344.98
509,1984,2,26,1984.1544,344.91
510,1984,3,4,1984.1735,345.23
511,1984,3,11,1984.1926,345.52
512,1984,3,18,1984.2117,345.66
513,1984,3,25,1984.2309,345.76
514,1984,4,1,1984.25,-999.99
515,1984,4,8,1984.2691,-999.99
516,1984,4,15,1984.2883,-999.99
517,1984,4,22,1984.3074,-999.99
518,1984,4,29,1984.3265,347.6
519,1984,5,6,1984.3456,347.36
520,1984,5,13,1984.3648,347.86
521,1984,5,20,1984.3839,347.53
522,1984,5,27,1984.4029999999998,347.51
523,1984,6,3,1984.4221,347.07
524,1984,6,10,1984.4413,347.36
525,1984,6,17,1984.4604,346.97
526,1984,6,24,1984.4795,346.5
527,1984,7,1,1984.4986,346.21
528,1984,7,8,1984.5178,346.07
529,1984,7,15,1984.5369,345.35
530,1984,7,22,1984.556,344.89
531,1984,7,29,1984.5751,344.74
532,1984,8,5,1984.5943,344.35
533,1984,8,12,1984.6134,344.12
534,1984,8,19,1984.6325,343.05
535,1984,8,26,1984.6516,342.12
536,1984,9,2,1984.6708,340.88
537,1984,9,9,1984.6899,341.1
538,1984,9,16,1984.7089999999998,341.87
539,1984,9,23,1984.7281,341.24
540,1984,9,30,1984.7473,341.9
541,1984,10,7,1984.7664,341.16
542,1984,10,14,1984.7855,341.99
543,1984,10,21,1984.8046,341.91
544,1984,10,28,1984.8238,342.06
545,1984,11,4,1984.8429,342.6
546,1984,11,11,1984.862,343.08
547,1984,11,18,1984.8811,343.53
548,1984,11,25,1984.9003,343.48
549,1984,12,2,1984.9194,-999.99
550,1984,12,9,1984.9385,344.64
551,1984,12,16,1984.9577,344.93
552,1984,12,23,1984.9768,344.7
553,1984,12,30,1984.9959,345.24
554,1985,1,6,1985.0151,345.3
555,1985,1,13,1985.0342,345.18
556,1985,1,20,1985.0534,345.18
557,1985,1,27,1985.0726,345.62
558,1985,2,3,1985.0918,346.01
559,1985,2,10,1985.111,345.72
560,1985,2,17,1985.1301,346.49
561,1985,2,24,1985.1493,346.72
562,1985,3,3,1985.1685,347.21
563,1985,3,10,1985.1877,347.57
564,1985,3,17,1985.2068,347.92
565,1985,3,24,1985.226,348.34
566,1985,3,31,1985.2452,348.23
567,1985,4,7,1985.2644,348.24
568,1985,4,14,1985.2836,347.94
569,1985,4,21,1985.3027,348.69
570,1985,4,28,1985.3219,348.96
571,1985,5,5,1985.3411,349.24
572,1985,5,12,1985.3603,349.1
573,1985,5,19,1985.3795,349.07
574,1985,5,26,1985.3986,348.91
575,1985,6,2,1985.4178,348.86
576,1985,6,9,1985.4370000000001,348.55
577,1985,6,16,1985.4562,348.37
578,1985,6,23,1985.4753,347.79
579,1985,6,30,1985.4945,347.24
580,1985,7,7,1985.5137,347.1
581,1985,7,14,1985.5329,346.89
582,1985,7,21,1985.5521,346.47
583,1985,7,28,1985.5712,345.86
584,1985,8,4,1985.5904,345.33
585,1985,8,11,1985.6096,344.23
586,1985,8,18,1985.6288,344.61
587,1985,8,25,1985.6479,344.76
588,1985,9,1,1985.6671,344.14
589,1985,9,8,1985.6863,343.61
590,1985,9,15,1985.7055,343.38
591,1985,9,22,1985.7247,342.29
592,1985,9,29,1985.7438,342.34
593,1985,10,6,1985.763,342.92
594,1985,10,13,1985.7822,342.95
595,1985,10,20,1985.8014,343.48
596,1985,10,27,1985.8205,343.75
597,1985,11,3,1985.8397,343.76
598,1985,11,10,1985.8589,344.36
599,1985,11,17,1985.8781,344.81
600,1985,11,24,1985.8973,345.29
601,1985,12,1,1985.9164,345.29
602,1985,12,8,1985.9356,345.9
603,1985,12,15,1985.9548,345.88
604,1985,12,22,1985.974,346.04
605,1985,12,29,1985.9932,346.68
606,1986,1,5,1986.0123,346.55
607,1986,1,12,1986.0315,346.41
608,1986,1,19,1986.0507,346.78
609,1986,1,26,1986.0699,346.5
610,1986,2,2,1986.089,346.93
611,1986,2,9,1986.1082,347.22
612,1986,2,16,1986.1274,347.63
613,1986,2,23,1986.1466,347.44
614,1986,3,2,1986.1658,346.98
615,1986,3,9,1986.1849,347.11
616,1986,3,16,1986.2041,347.88
617,1986,3,23,1986.2233,349.34
618,1986,3,30,1986.2425,349.01
619,1986,4,6,1986.2616,349.6
620,1986,4,13,1986.2808,349.79
621,1986,4,20,1986.3,350.08
622,1986,4,27,1986.3192,350.51
623,1986,5,4,1986.3384,350.17
624,1986,5,11,1986.3575,350.59
625,1986,5,18,1986.3767,350.64
626,1986,5,25,1986.3959,350.1
627,1986,6,1,1986.4151,350.3
628,1986,6,8,1986.4342,350.29
629,1986,6,15,1986.4534,350.04
630,1986,6,22,1986.4726,349.58
631,1986,6,29,1986.4918,349.05
632,1986,7,6,1986.511,348.81
633,1986,7,13,1986.5301,347.61
634,1986,7,20,1986.5493,347.86
635,1986,7,27,1986.5685,347.74
636,1986,8,3,1986.5877,346.7
637,1986,8,10,1986.6068,346.21
638,1986,8,17,1986.626,345.66
639,1986,8,24,1986.6452,345.65
640,1986,8,31,1986.6644,345.22
641,1986,9,7,1986.6836,345.64
642,1986,9,14,1986.7027,345.74
643,1986,9,21,1986.7219,344.44
644,1986,9,28,1986.7411,344.86
645,1986,10,5,1986.7603,344.17
646,1986,10,12,1986.7795,344.37
647,1986,10,19,1986.7986,344.46
648,1986,10,26,1986.8178,345.27
649,1986,11,2,1986.8370000000002,345.47
650,1986,11,9,1986.8562,345.98
651,1986,11,16,1986.8753,345.91
652,1986,11,23,1986.8945,346.27
653,1986,11,30,1986.9137,347.12
654,1986,12,7,1986.9329,347.04
655,1986,12,14,1986.9521,347.09
656,1986,12,21,1986.9712,347.23
657,1986,12,28,1986.9904,347.57
658,1987,1,4,1987.0096,348.05
659,1987,1,11,1987.0288,348.79
660,1987,1,18,1987.0479,348.55
661,1987,1,25,1987.0671,348.97
662,1987,2,1,1987.0863,348.41
663,1987,2,8,1987.1055,348.19
664,1987,2,15,1987.1247,348.91
665,1987,2,22,1987.1438,349.55
666,1987,3,1,1987.1629999999998,349.08
667,1987,3,8,1987.1822,349.43
668,1987,3,15,1987.2014,350.0
669,1987,3,22,1987.2205,350.38
670,1987,3,29,1987.2397,351.1
671,1987,4,5,1987.2589,350.74
672,1987,4,12,1987.2781,351.07
673,1987,4,19,1987.2973,351.63
674,1987,4,26,1987.3164,351.73
675,1987,5,3,1987.3356,352.14
676,1987,5,10,1987.3548,352.07
677,1987,5,17,1987.374,352.02
678,1987,5,24,1987.3932,352.32
679,1987,5,31,1987.4123,352.11
680,1987,6,7,1987.4315,351.74
681,1987,6,14,1987.4507,351.35
682,1987,6,21,1987.4699,351.35
683,1987,6,28,1987.489,350.58
684,1987,7,5,1987.5082,350.77
685,1987,7,12,1987.5274,349.69
686,1987,7,19,1987.5466,350.21
687,1987,7,26,1987.5658,349.72
688,1987,8,2,1987.5849,347.29
689,1987,8,9,1987.6041,348.77
690,1987,8,16,1987.6233,348.22
691,1987,8,23,1987.6425,347.77
692,1987,8,30,1987.6616,346.8
693,1987,9,6,1987.6808,346.55
694,1987,9,13,1987.7,346.81
695,1987,9,20,1987.7192,345.76
696,1987,9,27,1987.7384,346.22
697,1987,10,4,1987.7575,346.36
698,1987,10,11,1987.7767,346.56
699,1987,10,18,1987.7959,346.96
700,1987,10,25,1987.8151,346.89
701,1987,11,1,1987.8342,347.38
702,1987,11,8,1987.8534,347.51
703,1987,11,15,1987.8726,348.07
704,1987,11,22,1987.8918,348.71
705,1987,11,29,1987.911,348.75
706,1987,12,6,1987.9301,348.73
707,1987,12,13,1987.9493,349.23
708,1987,12,20,1987.9685,349.37
709,1987,12,27,1987.9877,349.76
710,1988,1,3,1988.0068,350.14
711,1988,1,10,1988.026,350.28
712,1988,1,17,1988.0451,350.54
713,1988,1,24,1988.0642,350.71
714,1988,1,31,1988.0833,351.72
715,1988,2,7,1988.1025,351.26
716,1988,2,14,1988.1216,351.24
717,1988,2,21,1988.1407,352.16
718,1988,2,28,1988.1598,353.04
719,1988,3,6,1988.1789999999999,352.4
720,1988,3,13,1988.1981,351.95
721,1988,3,20,1988.2172,351.74
722,1988,3,27,1988.2363,353.05
723,1988,4,3,1988.2555,353.38
724,1988,4,10,1988.2746,353.52
725,1988,4,17,1988.2937,353.61
726,1988,4,24,1988.3128,354.4
727,1988,5,1,1988.332,353.92
728,1988,5,8,1988.3511,354.19
729,1988,5,15,1988.3702,354.19
730,1988,5,22,1988.3893,354.65
731,1988,5,29,1988.4085,353.94
732,1988,6,5,1988.4276,354.28
733,1988,6,12,1988.4467,353.66
734,1988,6,19,1988.4658,353.34
735,1988,6,26,1988.485,353.31
736,1988,7,3,1988.5041,352.84
737,1988,7,10,1988.5232,352.99
738,1988,7,17,1988.5423,352.93
739,1988,7,24,1988.5615,351.99
740,1988,7,31,1988.5806,350.89
741,1988,8,7,1988.5997,350.82
742,1988,8,14,1988.6189,350.14
743,1988,8,21,1988.638,350.18
744,1988,8,28,1988.6571,349.53
745,1988,9,4,1988.6762,348.85
746,1988,9,11,1988.6954,349.13
747,1988,9,18,1988.7145,348.86
748,1988,9,25,1988.7336,348.75
749,1988,10,2,1988.7527,348.95
750,1988,10,9,1988.7719,348.69
751,1988,10,16,1988.7910000000002,349.3
752,1988,10,23,1988.8101,349.45
753,1988,10,30,1988.8292,349.77
754,1988,11,6,1988.8484,349.86
755,1988,11,13,1988.8675,350.15
756,1988,11,20,1988.8866,350.56
757,1988,11,27,1988.9057,350.61
758,1988,12,4,1988.9249,350.9
759,1988,12,11,1988.944,351.44
760,1988,12,18,1988.9631,351.57
761,1988,12,25,1988.9822,352.08
762,1989,1,1,1989.0014,352.48
763,1989,1,8,1989.0205,353.15
764,1989,1,15,1989.0397,353.0
765,1989,1,22,1989.0589,352.67
766,1989,1,29,1989.0781,353.31
767,1989,2,5,1989.0973,352.8
768,1989,2,12,1989.1164,353.29
769,1989,2,19,1989.1356,353.62
770,1989,2,26,1989.1548,353.77
771,1989,3,5,1989.174,353.63
772,1989,3,12,1989.1932,353.58
773,1989,3,19,1989.2123,354.09
774,1989,3,26,1989.2315,354.78
775,1989,4,2,1989.2507,354.75
776,1989,4,9,1989.2699,355.4
777,1989,4,16,1989.289,356.08
778,1989,4,23,1989.3082,356.32
779,1989,4,30,1989.3274,355.76
780,1989,5,7,1989.3466,355.58
781,1989,5,14,1989.3658,356.11
782,1989,5,21,1989.3849,355.96
783,1989,5,28,1989.4041,356.13
784,1989,6,4,1989.4233,355.57
785,1989,6,11,1989.4425,355.46
786,1989,6,18,1989.4616,354.98
787,1989,6,25,1989.4808,355.0
788,1989,7,2,1989.5,354.76
789,1989,7,9,1989.5192,354.41
790,1989,7,16,1989.5384,353.55
791,1989,7,23,1989.5575,353.26
792,1989,7,30,1989.5767,353.22
793,1989,8,6,1989.5959,352.62
794,1989,8,13,1989.6151,351.95
795,1989,8,20,1989.6342,350.75
796,1989,8,27,1989.6534,350.74
797,1989,9,3,1989.6726,350.96
798,1989,9,10,1989.6918,349.39
799,1989,9,17,1989.711,349.55
800,1989,9,24,1989.7301,349.9
801,1989,10,1,1989.7493,350.41
802,1989,10,8,1989.7685,349.86
803,1989,10,15,1989.7877,350.34
804,1989,10,22,1989.8068,350.7
805,1989,10,29,1989.826,350.44
806,1989,11,5,1989.8452,351.32
807,1989,11,12,1989.8644,351.64
808,1989,11,19,1989.8836,351.84
809,1989,11,26,1989.9027,352.05
810,1989,12,3,1989.9219,352.3
811,1989,12,10,1989.9411,353.07
812,1989,12,17,1989.9603,352.9
813,1989,12,24,1989.9795,352.98
814,1989,12,31,1989.9986,353.67
815,1990,1,7,1990.0178,353.53
816,1990,1,14,1990.037,353.93
817,1990,1,21,1990.0562,353.87
818,1990,1,28,1990.0753,354.34
819,1990,2,4,1990.0945,354.98
820,1990,2,11,1990.1137,355.03
821,1990,2,18,1990.1329,355.37
822,1990,2,25,1990.1521,355.12
823,1990,3,4,1990.1712,355.7
824,1990,3,11,1990.1904,355.73
825,1990,3,18,1990.2096,355.48
826,1990,3,25,1990.2288,356.07
827,1990,4,1,1990.2479,356.21
828,1990,4,8,1990.2671,356.11
829,1990,4,15,1990.2863,356.16
830,1990,4,22,1990.3055,356.81
831,1990,4,29,1990.3247,356.93
832,1990,5,6,1990.3438,357.65
833,1990,5,13,1990.3629999999998,357.2
834,1990,5,20,1990.3822,357.28
835,1990,5,27,1990.4014,357.33
836,1990,6,3,1990.4205,356.93
837,1990,6,10,1990.4397,356.2
838,1990,6,17,1990.4589,356.13
839,1990,6,24,1990.4781,355.74
840,1990,7,1,1990.4973,356.17
841,1990,7,8,1990.5164,354.95
842,1990,7,15,1990.5356,354.25
843,1990,7,22,1990.5548,354.33
844,1990,7,29,1990.5739999999998,353.95
845,1990,8,5,1990.5932,353.13
846,1990,8,12,1990.6123,353.41
847,1990,8,19,1990.6315,353.01
848,1990,8,26,1990.6507,351.73
849,1990,9,2,1990.6699,351.09
850,1990,9,9,1990.6889999999999,350.8
851,1990,9,16,1990.7082,351.69
852,1990,9,23,1990.7274,351.39
853,1990,9,30,1990.7466,351.33
854,1990,10,7,1990.7658,351.48
855,1990,10,14,1990.7849,351.51
856,1990,10,21,1990.8041,351.65
857,1990,10,28,1990.8233,352.33
858,1990,11,4,1990.8425,352.64
859,1990,11,11,1990.8616,353.08
860,1990,11,18,1990.8808,353.38
861,1990,11,25,1990.9,353.62
862,1990,12,2,1990.9192,353.83
863,1990,12,9,1990.9384,354.39
864,1990,12,16,1990.9575,354.26
865,1990,12,23,1990.9767,354.75
866,1990,12,30,1990.9959,354.71
867,1991,1,6,1991.0151,354.5
868,1991,1,13,1991.0342,354.93
869,1991,1,20,1991.0534,354.85
870,1991,1,27,1991.0726,355.52
871,1991,2,3,1991.0918,355.23
872,1991,2,10,1991.111,355.78
873,1991,2,17,1991.1301,356.43
874,1991,2,24,1991.1493,355.73
875,1991,3,3,1991.1685,357.08
876,1991,3,10,1991.1877,357.65
877,1991,3,17,1991.2068,357.17
878,1991,3,24,1991.226,357.39
879,1991,3,31,1991.2452,358.34
880,1991,4,7,1991.2644,357.97
881,1991,4,14,1991.2836,358.65
882,1991,4,21,1991.3027,359.26
883,1991,4,28,1991.3219,359.19
884,1991,5,5,1991.3411,358.86
885,1991,5,12,1991.3603,359.34
886,1991,5,19,1991.3795,359.65
887,1991,5,26,1991.3986,358.74
888,1991,6,2,1991.4178,358.28
889,1991,6,9,1991.4370000000001,358.45
890,1991,6,16,1991.4562,358.07
891,1991,6,23,1991.4753,357.8
892,1991,6,30,1991.4945,357.2
893,1991,7,7,1991.5137,356.67
894,1991,7,14,1991.5329,356.13
895,1991,7,21,1991.5521,355.15
896,1991,7,28,1991.5712,355.45
897,1991,8,4,1991.5904,354.5
898,1991,8,11,1991.6096,354.29
899,1991,8,18,1991.6288,353.21
900,1991,8,25,1991.6479,353.01
901,1991,9,1,1991.6671,353.04
902,1991,9,8,1991.6863,352.51
903,1991,9,15,1991.7055,351.86
904,1991,9,22,1991.7247,351.88
905,1991,9,29,1991.7438,351.66
906,1991,10,6,1991.763,352.05
907,1991,10,13,1991.7822,352.52
908,1991,10,20,1991.8014,352.69
909,1991,10,27,1991.8205,352.94
910,1991,11,3,1991.8397,353.75
911,1991,11,10,1991.8589,353.71
912,1991,11,17,1991.8781,353.83
913,1991,11,24,1991.8973,354.1
914,1991,12,1,1991.9164,354.56
915,1991,12,8,1991.9356,354.9
916,1991,12,15,1991.9548,355.14
917,1991,12,22,1991.974,355.5
918,1991,12,29,1991.9932,356.46
919,1992,1,5,1992.0123,356.11
920,1992,1,12,1992.0314,356.25
921,1992,1,19,1992.0505,356.29
922,1992,1,26,1992.0697,356.09
923,1992,2,2,1992.0888,356.89
924,1992,2,9,1992.1079,357.12
925,1992,2,16,1992.1270000000002,357.29
926,1992,2,23,1992.1462,357.26
927,1992,3,1,1992.1653,356.62
928,1992,3,8,1992.1844,357.87
929,1992,3,15,1992.2036,358.3
930,1992,3,22,1992.2227,358.77
931,1992,3,29,1992.2418,357.96
932,1992,4,5,1992.2609,359.13
933,1992,4,12,1992.2801,359.16
934,1992,4,19,1992.2992,359.65
935,1992,4,26,1992.3183,359.26
936,1992,5,3,1992.3374,359.69
937,1992,5,10,1992.3566,358.94
938,1992,5,17,1992.3757,359.13
939,1992,5,24,1992.3948,360.4
940,1992,5,31,1992.4139,360.47
941,1992,6,7,1992.4331,359.77
942,1992,6,14,1992.4522,358.88
943,1992,6,21,1992.4713,358.64
944,1992,6,28,1992.4904,358.77
945,1992,7,5,1992.5096,357.68
946,1992,7,12,1992.5287,356.93
947,1992,7,19,1992.5478,356.36
948,1992,7,26,1992.5669,355.61
949,1992,8,2,1992.5861,355.27
950,1992,8,9,1992.6052,355.62
951,1992,8,16,1992.6243,355.33
952,1992,8,23,1992.6434,354.34
953,1992,8,30,1992.6626,352.89
954,1992,9,6,1992.6817,354.07
955,1992,9,13,1992.7008,352.87
956,1992,9,20,1992.7199,352.6
957,1992,9,27,1992.7391,352.86
958,1992,10,4,1992.7582,353.24
959,1992,10,11,1992.7773,353.58
960,1992,10,18,1992.7964,353.2
961,1992,10,25,1992.8156,353.17
962,1992,11,1,1992.8347,354.26
963,1992,11,8,1992.8538,353.94
964,1992,11,15,1992.8729999999998,354.16
965,1992,11,22,1992.8921,354.72
966,1992,11,29,1992.9112,354.84
967,1992,12,6,1992.9303,355.28
968,1992,12,13,1992.9495,355.44
969,1992,12,20,1992.9686,355.99
970,1992,12,27,1992.9877,356.28
971,1993,1,3,1993.0068,356.93
972,1993,1,10,1993.026,357.22
973,1993,1,17,1993.0452,356.85
974,1993,1,24,1993.0644,357.05
975,1993,1,31,1993.0836,357.28
976,1993,2,7,1993.1027,356.99
977,1993,2,14,1993.1219,357.16
978,1993,2,21,1993.1411,357.79
979,1993,2,28,1993.1603,358.57
980,1993,3,7,1993.1795,358.32
981,1993,3,14,1993.1986,358.67
982,1993,3,21,1993.2178,357.84
983,1993,3,28,1993.237,359.19
984,1993,4,4,1993.2562,358.83
985,1993,4,11,1993.2753,359.1
986,1993,4,18,1993.2945,359.63
987,1993,4,25,1993.3137,359.75
988,1993,5,2,1993.3329,359.47
989,1993,5,9,1993.3521,360.12
990,1993,5,16,1993.3712,360.55
991,1993,5,23,1993.3904,360.75
992,1993,5,30,1993.4096,359.99
993,1993,6,6,1993.4288,359.77
994,1993,6,13,1993.4479,359.65
995,1993,6,20,1993.4671,359.18
996,1993,6,27,1993.4863,358.69
997,1993,7,4,1993.5055,357.72
998,1993,7,11,1993.5247,357.72
999,1993,7,18,1993.5438,357.1
1000,1993,7,25,1993.5629999999999,356.53
1001,1993,8,1,1993.5822,356.43
1002,1993,8,8,1993.6014,355.77
1003,1993,8,15,1993.6205,355.41
1004,1993,8,22,1993.6397,354.83
1005,1993,8,29,1993.6589,354.8
1006,1993,9,5,1993.6781,354.18
1007,1993,9,12,1993.6973,353.84
1008,1993,9,19,1993.7164,353.99
1009,1993,9,26,1993.7356,354.16
1010,1993,10,3,1993.7548,354.06
1011,1993,10,10,1993.774,353.88
1012,1993,10,17,1993.7932,354.36
1013,1993,10,24,1993.8123,354.34
1014,1993,10,31,1993.8315,354.63
1015,1993,11,7,1993.8507,355.01
1016,1993,11,14,1993.8699,355.61
1017,1993,11,21,1993.889,355.99
1018,1993,11,28,1993.9082,356.14
1019,1993,12,5,1993.9274,356.52
1020,1993,12,12,1993.9466,356.64
1021,1993,12,19,1993.9658,357.53
1022,1993,12,26,1993.9849,357.48
1023,1994,1,2,1994.0041,358.11
1024,1994,1,9,1994.0233,358.12
1025,1994,1,16,1994.0425,358.4
1026,1994,1,23,1994.0616,358.24
1027,1994,1,30,1994.0808,358.28
1028,1994,2,6,1994.1,358.92
1029,1994,2,13,1994.1192,358.64
1030,1994,2,20,1994.1384,359.39
1031,1994,2,27,1994.1575,358.88
1032,1994,3,6,1994.1767,359.35
1033,1994,3,13,1994.1959,360.46
1034,1994,3,20,1994.2151,360.6
1035,1994,3,27,1994.2342,360.81
1036,1994,4,3,1994.2534,361.09
1037,1994,4,10,1994.2726,361.01
1038,1994,4,17,1994.2918,361.3
1039,1994,4,24,1994.3110000000001,361.81
1040,1994,5,1,1994.3301,361.98
1041,1994,5,8,1994.3493,361.38
1042,1994,5,15,1994.3685,361.7
1043,1994,5,22,1994.3877,361.51
1044,1994,5,29,1994.4068,361.41
1045,1994,6,5,1994.4260000000002,360.89
1046,1994,6,12,1994.4452,360.89
1047,1994,6,19,1994.4644,360.82
1048,1994,6,26,1994.4836,360.02
1049,1994,7,3,1994.5027,359.95
1050,1994,7,10,1994.5219,359.64
1051,1994,7,17,1994.5411,359.21
1052,1994,7,24,1994.5603,358.83
1053,1994,7,31,1994.5795,358.45
1054,1994,8,7,1994.5986,357.88
1055,1994,8,14,1994.6178,357.7
1056,1994,8,21,1994.6370000000002,356.87
1057,1994,8,28,1994.6562,356.19
1058,1994,9,4,1994.6753,356.48
1059,1994,9,11,1994.6945,355.26
1060,1994,9,18,1994.7137,355.67
1061,1994,9,25,1994.7329,355.35
1062,1994,10,2,1994.7521,355.7
1063,1994,10,9,1994.7712,355.85
1064,1994,10,16,1994.7904,356.14
1065,1994,10,23,1994.8096,356.56
1066,1994,10,30,1994.8288,356.68
1067,1994,11,6,1994.8479,356.97
1068,1994,11,13,1994.8671,358.15
1069,1994,11,20,1994.8863,357.65
1070,1994,11,27,1994.9055,358.07
1071,1994,12,4,1994.9247,358.74
1072,1994,12,11,1994.9438,359.38
1073,1994,12,18,1994.963,358.82
1074,1994,12,25,1994.9822,359.34
1075,1995,1,1,1995.0014,359.7
1076,1995,1,8,1995.0205,359.54
1077,1995,1,15,1995.0397,360.37
1078,1995,1,22,1995.0589,360.03
1079,1995,1,29,1995.0781,360.14
1080,1995,2,5,1995.0973,360.76
1081,1995,2,12,1995.1164,361.05
1082,1995,2,19,1995.1356,361.01
1083,1995,2,26,1995.1548,361.68
1084,1995,3,5,1995.174,361.78
1085,1995,3,12,1995.1932,361.1
1086,1995,3,19,1995.2123,361.76
1087,1995,3,26,1995.2315,362.84
1088,1995,4,2,1995.2507,363.75
1089,1995,4,9,1995.2699,362.81
1090,1995,4,16,1995.289,363.01
1091,1995,4,23,1995.3082,363.51
1092,1995,4,30,1995.3274,362.83
1093,1995,5,7,1995.3466,363.85
1094,1995,5,14,1995.3658,364.4
1095,1995,5,21,1995.3849,363.67
1096,1995,5,28,1995.4041,363.67
1097,1995,6,4,1995.4233,363.79
1098,1995,6,11,1995.4425,363.05
1099,1995,6,18,1995.4616,362.91
1100,1995,6,25,1995.4808,362.44
1101,1995,7,2,1995.5,362.31
1102,1995,7,9,1995.5192,362.1
1103,1995,7,16,1995.5384,361.42
1104,1995,7,23,1995.5575,360.99
1105,1995,7,30,1995.5767,360.14
1106,1995,8,6,1995.5959,359.76
1107,1995,8,13,1995.6151,358.76
1108,1995,8,20,1995.6342,358.66
1109,1995,8,27,1995.6534,357.84
1110,1995,9,3,1995.6726,358.31
1111,1995,9,10,1995.6918,358.58
1112,1995,9,17,1995.711,358.77
1113,1995,9,24,1995.7301,357.59
1114,1995,10,1,1995.7493,357.81
1115,1995,10,8,1995.7685,357.72
1116,1995,10,15,1995.7877,357.99
1117,1995,10,22,1995.8068,358.23
1118,1995,10,29,1995.826,358.83
1119,1995,11,5,1995.8452,359.09
1120,1995,11,12,1995.8644,359.49
1121,1995,11,19,1995.8836,359.8
1122,1995,11,26,1995.9027,359.82
1123,1995,12,3,1995.9219,360.21
1124,1995,12,10,1995.9411,360.55
1125,1995,12,17,1995.9603,360.62
1126,1995,12,24,1995.9795,361.4
1127,1995,12,31,1995.9986,361.84
1128,1996,1,7,1996.0178,362.19
1129,1996,1,14,1996.0369,361.91
1130,1996,1,21,1996.056,362.21
1131,1996,1,28,1996.0751,362.34
1132,1996,2,4,1996.0943,362.92
1133,1996,2,11,1996.1134,363.03
1134,1996,2,18,1996.1325,363.57
1135,1996,2,25,1996.1516,363.93
1136,1996,3,3,1996.1708,364.09
1137,1996,3,10,1996.1899,363.69
1138,1996,3,17,1996.2089999999998,364.45
1139,1996,3,24,1996.2281,364.49
1140,1996,3,31,1996.2473,364.25
1141,1996,4,7,1996.2664,364.61
1142,1996,4,14,1996.2855,364.7
1143,1996,4,21,1996.3046,364.55
1144,1996,4,28,1996.3238,365.02
1145,1996,5,5,1996.3429,364.69
1146,1996,5,12,1996.362,365.47
1147,1996,5,19,1996.3811,365.28
1148,1996,5,26,1996.4003,365.04
1149,1996,6,2,1996.4194,364.97
1150,1996,6,9,1996.4385,365.28
1151,1996,6,16,1996.4577,365.07
1152,1996,6,23,1996.4768,364.5
1153,1996,6,30,1996.4959,364.42
1154,1996,7,7,1996.515,363.82
1155,1996,7,14,1996.5342,363.5
1156,1996,7,21,1996.5533,363.12
1157,1996,7,28,1996.5724,362.04
1158,1996,8,4,1996.5915,362.03
1159,1996,8,11,1996.6107,361.79
1160,1996,8,18,1996.6298,361.01
1161,1996,8,25,1996.6489,360.86
1162,1996,9,1,1996.668,360.08
1163,1996,9,8,1996.6872,359.94
1164,1996,9,15,1996.7063,359.01
1165,1996,9,22,1996.7254,359.22
1166,1996,9,29,1996.7445,359.29
1167,1996,10,6,1996.7637,359.44
1168,1996,10,13,1996.7828,359.76
1169,1996,10,20,1996.8019,359.52
1170,1996,10,27,1996.8210000000001,359.98
1171,1996,11,3,1996.8402,360.27
1172,1996,11,10,1996.8593,360.85
1173,1996,11,17,1996.8784,361.37
1174,1996,11,24,1996.8975,361.25
1175,1996,12,1,1996.9167,361.63
1176,1996,12,8,1996.9358,362.23
1177,1996,12,15,1996.9549,362.48
1178,1996,12,22,1996.974,362.32
1179,1996,12,29,1996.9932,362.76
1180,1997,1,5,1997.0123,362.96
1181,1997,1,12,1997.0315,362.97
1182,1997,1,19,1997.0507,363.5
1183,1997,1,26,1997.0699,363.2
1184,1997,2,2,1997.089,363.56
1185,1997,2,9,1997.1082,364.29
1186,1997,2,16,1997.1274,363.64
1187,1997,2,23,1997.1466,364.74
1188,1997,3,2,1997.1658,363.87
1189,1997,3,9,1997.1849,364.16
1190,1997,3,16,1997.2041,364.63
1191,1997,3,23,1997.2233,365.19
1192,1997,3,30,1997.2425,365.74
1193,1997,4,6,1997.2616,365.96
1194,1997,4,13,1997.2808,366.5
1195,1997,4,20,1997.3,366.7
1196,1997,4,27,1997.3192,366.61
1197,1997,5,4,1997.3384,366.48
1198,1997,5,11,1997.3575,366.82
1199,1997,5,18,1997.3767,367.01
1200,1997,5,25,1997.3959,366.24
1201,1997,6,1,1997.4151,366.07
1202,1997,6,8,1997.4342,365.76
1203,1997,6,15,1997.4534,365.35
1204,1997,6,22,1997.4726,365.22
1205,1997,6,29,1997.4918,365.1
1206,1997,7,6,1997.511,364.78
1207,1997,7,13,1997.5301,364.47
1208,1997,7,20,1997.5493,363.6
1209,1997,7,27,1997.5685,363.58
1210,1997,8,3,1997.5877,363.19
1211,1997,8,10,1997.6068,362.63
1212,1997,8,17,1997.626,361.19
1213,1997,8,24,1997.6452,361.54
1214,1997,8,31,1997.6644,361.44
1215,1997,9,7,1997.6836,360.08
1216,1997,9,14,1997.7027,360.33
1217,1997,9,21,1997.7219,359.88
1218,1997,9,28,1997.7411,359.99
1219,1997,10,5,1997.7603,360.53
1220,1997,10,12,1997.7795,360.72
1221,1997,10,19,1997.7986,361.02
1222,1997,10,26,1997.8178,361.3
1223,1997,11,2,1997.8370000000002,362.05
1224,1997,11,9,1997.8562,362.14
1225,1997,11,16,1997.8753,362.52
1226,1997,11,23,1997.8945,363.27
1227,1997,11,30,1997.9137,363.95
1228,1997,12,7,1997.9329,364.04
1229,1997,12,14,1997.9521,364.33
1230,1997,12,21,1997.9712,364.75
1231,1997,12,28,1997.9904,365.03
1232,1998,1,4,1998.0096,365.31
1233,1998,1,11,1998.0288,365.31
1234,1998,1,18,1998.0479,365.1
1235,1998,1,25,1998.0671,365.38
1236,1998,2,1,1998.0863,365.97
1237,1998,2,8,1998.1055,365.62
1238,1998,2,15,1998.1247,365.67
1239,1998,2,22,1998.1438,366.67
1240,1998,3,1,1998.1629999999998,367.1
1241,1998,3,8,1998.1822,366.66
1242,1998,3,15,1998.2014,366.83
1243,1998,3,22,1998.2205,367.77
1244,1998,3,29,1998.2397,368.81
1245,1998,4,5,1998.2589,368.34
1246,1998,4,12,1998.2781,368.47
1247,1998,4,19,1998.2973,368.35
1248,1998,4,26,1998.3164,369.55
1249,1998,5,3,1998.3356,369.72
1250,1998,5,10,1998.3548,368.32
1251,1998,5,17,1998.374,369.58
1252,1998,5,24,1998.3932,369.94
1253,1998,5,31,1998.4123,369.61
1254,1998,6,7,1998.4315,369.14
1255,1998,6,14,1998.4507,368.8
1256,1998,6,21,1998.4699,368.75
1257,1998,6,28,1998.489,368.19
1258,1998,7,5,1998.5082,368.41
1259,1998,7,12,1998.5274,367.73
1260,1998,7,19,1998.5466,367.9
1261,1998,7,26,1998.5658,367.1
1262,1998,8,2,1998.5849,366.9
1263,1998,8,9,1998.6041,366.23
1264,1998,8,16,1998.6233,365.54
1265,1998,8,23,1998.6425,365.34
1266,1998,8,30,1998.6616,364.74
1267,1998,9,6,1998.6808,364.32
1268,1998,9,13,1998.7,363.65
1269,1998,9,20,1998.7192,363.51
1270,1998,9,27,1998.7384,364.06
1271,1998,10,4,1998.7575,364.1
1272,1998,10,11,1998.7767,364.3
1273,1998,10,18,1998.7959,364.53
1274,1998,10,25,1998.8151,364.79
1275,1998,11,1,1998.8342,364.94
1276,1998,11,8,1998.8534,365.39
1277,1998,11,15,1998.8726,365.95
1278,1998,11,22,1998.8918,365.82
1279,1998,11,29,1998.911,366.59
1280,1998,12,6,1998.9301,366.8
1281,1998,12,13,1998.9493,367.15
1282,1998,12,20,1998.9685,367.28
1283,1998,12,27,1998.9877,367.63
1284,1999,1,3,1999.0068,367.8
1285,1999,1,10,1999.026,368.1
1286,1999,1,17,1999.0452,367.82
1287,1999,1,24,1999.0644,369.08
1288,1999,1,31,1999.0836,369.27
1289,1999,2,7,1999.1027,369.11
1290,1999,2,14,1999.1219,368.62
1291,1999,2,21,1999.1411,369.08
1292,1999,2,28,1999.1603,368.03
1293,1999,3,7,1999.1795,369.24
1294,1999,3,14,1999.1986,370.18
1295,1999,3,21,1999.2178,370.56
1296,1999,3,28,1999.237,370.66
1297,1999,4,4,1999.2562,371.73
1298,1999,4,11,1999.2753,371.51
1299,1999,4,18,1999.2945,370.29
1300,1999,4,25,1999.3137,370.6
1301,1999,5,2,1999.3329,371.52
1302,1999,5,9,1999.3521,371.07
1303,1999,5,16,1999.3712,370.58
1304,1999,5,23,1999.3904,370.72
1305,1999,5,30,1999.4096,370.71
1306,1999,6,6,1999.4288,370.39
1307,1999,6,13,1999.4479,370.41
1308,1999,6,20,1999.4671,369.89
1309,1999,6,27,1999.4863,369.78
1310,1999,7,4,1999.5055,370.05
1311,1999,7,11,1999.5247,370.13
1312,1999,7,18,1999.5438,369.09
1313,1999,7,25,1999.5629999999999,368.27
1314,1999,8,1,1999.5822,367.7
1315,1999,8,8,1999.6014,367.35
1316,1999,8,15,1999.6205,366.6
1317,1999,8,22,1999.6397,366.27
1318,1999,8,29,1999.6589,365.18
1319,1999,9,5,1999.6781,364.36
1320,1999,9,12,1999.6973,365.16
1321,1999,9,19,1999.7164,365.05
1322,1999,9,26,1999.7356,364.67
1323,1999,10,3,1999.7548,365.15
1324,1999,10,10,1999.774,365.19
1325,1999,10,17,1999.7932,365.6
1326,1999,10,24,1999.8123,365.65
1327,1999,10,31,1999.8315,365.98
1328,1999,11,7,1999.8507,366.65
1329,1999,11,14,1999.8699,366.76
1330,1999,11,21,1999.889,367.08
1331,1999,11,28,1999.9082,367.44
1332,1999,12,5,1999.9274,367.87
1333,1999,12,12,1999.9466,367.89
1334,1999,12,19,1999.9658,368.27
1335,1999,12,26,1999.9849,368.73
1336,2000,1,2,2000.0041,368.74
1337,2000,1,9,2000.0232,368.87
1338,2000,1,16,2000.0423,370.03
1339,2000,1,23,2000.0615,370.08
1340,2000,1,30,2000.0806,369.26
1341,2000,2,6,2000.0997,369.61
1342,2000,2,13,2000.1189,369.98
1343,2000,2,20,2000.138,369.36
1344,2000,2,27,2000.1571,370.11
1345,2000,3,5,2000.1762,370.07
1346,2000,3,12,2000.1954,370.64
1347,2000,3,19,2000.2145,370.93
1348,2000,3,26,2000.2336,371.13
1349,2000,4,2,2000.2527,371.06
1350,2000,4,9,2000.2719,372.0
1351,2000,4,16,2000.2910000000002,372.33
1352,2000,4,23,2000.3101,371.92
1353,2000,4,30,2000.3292,370.91
1354,2000,5,7,2000.3484,371.88
1355,2000,5,14,2000.3675,371.5
1356,2000,5,21,2000.3866,372.08
1357,2000,5,28,2000.4057,371.87
1358,2000,6,4,2000.4249,371.92
1359,2000,6,11,2000.444,371.67
1360,2000,6,18,2000.4631,371.79
1361,2000,6,25,2000.4822,371.25
1362,2000,7,2,2000.5014,370.22
1363,2000,7,9,2000.5205,370.15
1364,2000,7,16,2000.5396,369.94
1365,2000,7,23,2000.5587,369.19
1366,2000,7,30,2000.5779,368.93
1367,2000,8,6,2000.5970000000002,368.48
1368,2000,8,13,2000.6161,368.25
1369,2000,8,20,2000.6352,367.56
1370,2000,8,27,2000.6544,367.56
1371,2000,9,3,2000.6735,367.18
1372,2000,9,10,2000.6926,367.19
1373,2000,9,17,2000.7117,366.74
1374,2000,9,24,2000.7309,366.72
1375,2000,10,1,2000.75,366.65
1376,2000,10,8,2000.7691,366.73
1377,2000,10,15,2000.7883,366.99
1378,2000,10,22,2000.8074,367.47
1379,2000,10,29,2000.8265,367.85
1380,2000,11,5,2000.8456,368.05
1381,2000,11,12,2000.8648,368.59
1382,2000,11,19,2000.8839,368.48
1383,2000,11,26,2000.9029999999998,368.69
1384,2000,12,3,2000.9221,369.68
1385,2000,12,10,2000.9413,369.66
1386,2000,12,17,2000.9604,369.64
1387,2000,12,24,2000.9795,369.86
1388,2000,12,31,2000.9986,370.17
1389,2001,1,7,2001.0178,370.3
1390,2001,1,14,2001.037,370.67
1391,2001,1,21,2001.0562,370.52
1392,2001,1,28,2001.0753,371.36
1393,2001,2,4,2001.0945,371.58
1394,2001,2,11,2001.1137,371.96
1395,2001,2,18,2001.1329,371.48
1396,2001,2,25,2001.1521,371.73
1397,2001,3,4,2001.1712,372.19
1398,2001,3,11,2001.1904,372.53
1399,2001,3,18,2001.2096,372.54
1400,2001,3,25,2001.2288,372.34
1401,2001,4,1,2001.2479,372.45
1402,2001,4,8,2001.2671,373.61
1403,2001,4,15,2001.2863,373.7
1404,2001,4,22,2001.3055,373.6
1405,2001,4,29,2001.3247,373.55
1406,2001,5,6,2001.3438,373.93
1407,2001,5,13,2001.3629999999998,373.74
1408,2001,5,20,2001.3822,373.9
1409,2001,5,27,2001.4014,373.87
1410,2001,6,3,2001.4205,373.47
1411,2001,6,10,2001.4397,373.05
1412,2001,6,17,2001.4589,373.11
1413,2001,6,24,2001.4781,373.02
1414,2001,7,1,2001.4973,372.48
1415,2001,7,8,2001.5164,371.34
1416,2001,7,15,2001.5356,371.3
1417,2001,7,22,2001.5548,370.87
1418,2001,7,29,2001.5739999999998,370.88
1419,2001,8,5,2001.5932,369.92
1420,2001,8,12,2001.6123,369.2
1421,2001,8,19,2001.6315,369.32
1422,2001,8,26,2001.6507,369.28
1423,2001,9,2,2001.6699,368.33
1424,2001,9,9,2001.6889999999999,368.56
1425,2001,9,16,2001.7082,368.05
1426,2001,9,23,2001.7274,367.81
1427,2001,9,30,2001.7466,368.07
1428,2001,10,7,2001.7658,368.29
1429,2001,10,14,2001.7849,368.18
1430,2001,10,21,2001.8041,368.71
1431,2001,10,28,2001.8233,369.12
1432,2001,11,4,2001.8425,369.09
1433,2001,11,11,2001.8616,369.83
1434,2001,11,18,2001.8808,370.22
1435,2001,11,25,2001.9,370.44
1436,2001,12,2,2001.9192,370.78
1437,2001,12,9,2001.9384,371.23
1438,2001,12,16,2001.9575,371.26
1439,2001,12,23,2001.9767,371.69
1440,2001,12,30,2001.9959,372.2
1441,2002,1,6,2002.0151,372.2
1442,2002,1,13,2002.0342,372.74
1443,2002,1,20,2002.0534,372.58
1444,2002,1,27,2002.0726,372.82
1445,2002,2,3,2002.0918,372.95
1446,2002,2,10,2002.111,373.0
1447,2002,2,17,2002.1301,373.08
1448,2002,2,24,2002.1493,373.74
1449,2002,3,3,2002.1685,373.88
1450,2002,3,10,2002.1877,374.13
1451,2002,3,17,2002.2068,374.64
1452,2002,3,24,2002.226,374.28
1453,2002,3,31,2002.2452,374.26
1454,2002,4,7,2002.2644,374.53
1455,2002,4,14,2002.2836,375.23
1456,2002,4,21,2002.3027,375.41
1457,2002,4,28,2002.3219,376.05
1458,2002,5,5,2002.3411,375.6
1459,2002,5,12,2002.3603,375.07
1460,2002,5,19,2002.3795,375.93
1461,2002,5,26,2002.3986,376.24
1462,2002,6,2,2002.4178,375.9
1463,2002,6,9,2002.4370000000001,375.45
1464,2002,6,16,2002.4562,375.23
1465,2002,6,23,2002.4753,375.49
1466,2002,6,30,2002.4945,374.82
1467,2002,7,7,2002.5137,374.47
1468,2002,7,14,2002.5329,374.01
1469,2002,7,21,2002.5521,373.34
1470,2002,7,28,2002.5712,373.33
1471,2002,8,4,2002.5904,372.57
1472,2002,8,11,2002.6096,371.81
1473,2002,8,18,2002.6288,371.33
1474,2002,8,25,2002.6479,370.93
1475,2002,9,1,2002.6671,370.26
1476,2002,9,8,2002.6863,371.63
1477,2002,9,15,2002.7055,370.83
1478,2002,9,22,2002.7247,370.5
1479,2002,9,29,2002.7438,369.88
1480,2002,10,6,2002.763,369.91
1481,2002,10,13,2002.7822,371.24
1482,2002,10,20,2002.8014,370.68
1483,2002,10,27,2002.8205,371.06
1484,2002,11,3,2002.8397,371.97
1485,2002,11,10,2002.8589,371.86
1486,2002,11,17,2002.8781,372.73
1487,2002,11,24,2002.8973,372.77
1488,2002,12,1,2002.9164,373.04
1489,2002,12,8,2002.9356,373.59
1490,2002,12,15,2002.9548,373.57
1491,2002,12,22,2002.974,374.47
1492,2002,12,29,2002.9932,374.69
1493,2003,1,5,2003.0123,374.55
1494,2003,1,12,2003.0315,375.02
1495,2003,1,19,2003.0507,374.92
1496,2003,1,26,2003.0699,375.3
1497,2003,2,2,2003.089,375.17
1498,2003,2,9,2003.1082,375.11
1499,2003,2,16,2003.1274,376.38
1500,2003,2,23,2003.1466,376.02
1501,2003,3,2,2003.1658,376.3
1502,2003,3,9,2003.1849,376.36
1503,2003,3,16,2003.2041,375.96
1504,2003,3,23,2003.2233,377.0
1505,2003,3,30,2003.2425,376.85
1506,2003,4,6,2003.2616,377.13
1507,2003,4,13,2003.2808,377.79
1508,2003,4,20,2003.3,378.35
1509,2003,4,27,2003.3192,378.63
1510,2003,5,4,2003.3384,378.07
1511,2003,5,11,2003.3575,378.07
1512,2003,5,18,2003.3767,379.43
1513,2003,5,25,2003.3959,378.72
1514,2003,6,1,2003.4151,378.42
1515,2003,6,8,2003.4342,378.49
1516,2003,6,15,2003.4534,378.12
1517,2003,6,22,2003.4726,378.31
1518,2003,6,29,2003.4918,377.58
1519,2003,7,6,2003.511,376.57
1520,2003,7,13,2003.5301,377.23
1521,2003,7,20,2003.5493,376.39
1522,2003,7,27,2003.5685,375.91
1523,2003,8,3,2003.5877,374.94
1524,2003,8,10,2003.6068,374.67
1525,2003,8,17,2003.626,373.89
1526,2003,8,24,2003.6452,373.44
1527,2003,8,31,2003.6644,373.21
1528,2003,9,7,2003.6836,373.12
1529,2003,9,14,2003.7027,372.88
1530,2003,9,21,2003.7219,373.35
1531,2003,9,28,2003.7411,373.28
1532,2003,10,5,2003.7603,372.92
1533,2003,10,12,2003.7795,372.79
1534,2003,10,19,2003.7986,373.43
1535,2003,10,26,2003.8178,373.4
1536,2003,11,2,2003.8370000000002,373.96
1537,2003,11,9,2003.8562,374.52
1538,2003,11,16,2003.8753,374.89
1539,2003,11,23,2003.8945,375.27
1540,2003,11,30,2003.9137,375.32
1541,2003,12,7,2003.9329,375.74
1542,2003,12,14,2003.9521,376.34
1543,2003,12,21,2003.9712,376.14
1544,2003,12,28,2003.9904,376.35
1545,2004,1,4,2004.0096,376.34
1546,2004,1,11,2004.0287,376.95
1547,2004,1,18,2004.0478,377.12
1548,2004,1,25,2004.0669,377.95
1549,2004,2,1,2004.0861,377.87
1550,2004,2,8,2004.1052,378.43
1551,2004,2,15,2004.1243,377.49
1552,2004,2,22,2004.1434,377.62
1553,2004,2,29,2004.1626,378.29
1554,2004,3,7,2004.1817,378.96
1555,2004,3,14,2004.2008,379.23
1556,2004,3,21,2004.2199,378.5
1557,2004,3,28,2004.2391,379.72
1558,2004,4,4,2004.2582,380.0
1559,2004,4,11,2004.2773,380.73
1560,2004,4,18,2004.2964,380.38
1561,2004,4,25,2004.3156,380.64
1562,2004,5,2,2004.3347,380.72
1563,2004,5,9,2004.3538,380.71
1564,2004,5,16,2004.3729999999998,380.25
1565,2004,5,23,2004.3921,381.07
1566,2004,5,30,2004.4112,379.94
1567,2004,6,6,2004.4303,380.09
1568,2004,6,13,2004.4495,380.16
1569,2004,6,20,2004.4686,379.37
1570,2004,6,27,2004.4877,379.14
1571,2004,7,4,2004.5068,378.33
1572,2004,7,11,2004.526,377.89
1573,2004,7,18,2004.5451,376.74
1574,2004,7,25,2004.5642,376.42
1575,2004,8,1,2004.5833,376.76
1576,2004,8,8,2004.6025,376.26
1577,2004,8,15,2004.6216,375.77
1578,2004,8,22,2004.6407,376.09
1579,2004,8,29,2004.6598,373.99
1580,2004,9,5,2004.6789999999999,374.44
1581,2004,9,12,2004.6981,374.05
1582,2004,9,19,2004.7172,374.4
1583,2004,9,26,2004.7363,374.31
1584,2004,10,3,2004.7555,373.98
1585,2004,10,10,2004.7746,374.22
1586,2004,10,17,2004.7937,374.57
1587,2004,10,24,2004.8128,374.96
1588,2004,10,31,2004.832,375.31
1589,2004,11,7,2004.8511,375.44
1590,2004,11,14,2004.8702,376.8
1591,2004,11,21,2004.8893,376.73
1592,2004,11,28,2004.9085,376.82
1593,2004,12,5,2004.9276,377.54
1594,2004,12,12,2004.9467,377.24
1595,2004,12,19,2004.9658,377.78
1596,2004,12,26,2004.985,377.83
1597,2005,1,2,2005.0041,378.21
1598,2005,1,9,2005.0233,378.44
1599,2005,1,16,2005.0425,378.35
1600,2005,1,23,2005.0616,378.63
1601,2005,1,30,2005.0808,379.42
1602,2005,2,6,2005.1,379.23
1603,2005,2,13,2005.1192,379.92
1604,2005,2,20,2005.1384,379.87
1605,2005,2,27,2005.1575,381.36
1606,2005,3,6,2005.1767,380.06
1607,2005,3,13,2005.1959,381.28
1608,2005,3,20,2005.2151,380.22
1609,2005,3,27,2005.2342,381.76
1610,2005,4,3,2005.2534,382.3
1611,2005,4,10,2005.2726,382.1
1612,2005,4,17,2005.2918,382.18
1613,2005,4,24,2005.3110000000001,382.57
1614,2005,5,1,2005.3301,381.94
1615,2005,5,8,2005.3493,381.98
1616,2005,5,15,2005.3685,382.63
1617,2005,5,22,2005.3877,383.01
1618,2005,5,29,2005.4068,382.79
1619,2005,6,5,2005.4260000000002,382.63
1620,2005,6,12,2005.4452,382.41
1621,2005,6,19,2005.4644,381.95
1622,2005,6,26,2005.4836,381.36
1623,2005,7,3,2005.5027,381.11
1624,2005,7,10,2005.5219,380.85
1625,2005,7,17,2005.5411,380.74
1626,2005,7,24,2005.5603,380.14
1627,2005,7,31,2005.5795,379.83
1628,2005,8,7,2005.5986,378.9
1629,2005,8,14,2005.6178,378.83
1630,2005,8,21,2005.6370000000002,378.0
1631,2005,8,28,2005.6562,377.95
1632,2005,9,4,2005.6753,377.32
1633,2005,9,11,2005.6945,376.16
1634,2005,9,18,2005.7137,376.35
1635,2005,9,25,2005.7329,376.46
1636,2005,10,2,2005.7521,376.65
1637,2005,10,9,2005.7712,376.91
1638,2005,10,16,2005.7904,-999.99
1639,2005,10,23,2005.8096,377.52
1640,2005,10,30,2005.8288,377.8
1641,2005,11,6,2005.8479,377.94
1642,2005,11,13,2005.8671,378.86
1643,2005,11,20,2005.8863,378.48
1644,2005,11,27,2005.9055,379.02
1645,2005,12,4,2005.9247,379.93
1646,2005,12,11,2005.9438,380.18
1647,2005,12,18,2005.963,380.24
1648,2005,12,25,2005.9822,380.49
1649,2006,1,1,2006.0014,381.26
1650,2006,1,8,2006.0205,381.2
1651,2006,1,15,2006.0397,381.55
1652,2006,1,22,2006.0589,381.62
1653,2006,1,29,2006.0781,381.62
1654,2006,2,5,2006.0973,382.28
1655,2006,2,12,2006.1164,382.59
1656,2006,2,19,2006.1356,381.94
1657,2006,2,26,2006.1548,382.14
1658,2006,3,5,2006.174,382.89
1659,2006,3,12,2006.1932,382.89
1660,2006,3,19,2006.2123,382.91
1661,2006,3,26,2006.2315,382.43
1662,2006,4,2,2006.2507,384.17
1663,2006,4,9,2006.2699,384.74
1664,2006,4,16,2006.289,384.86
1665,2006,4,23,2006.3082,384.76
1666,2006,4,30,2006.3274,384.88
1667,2006,5,7,2006.3466,385.03
1668,2006,5,14,2006.3658,385.32
1669,2006,5,21,2006.3849,384.96
1670,2006,5,28,2006.4041,384.66
1671,2006,6,4,2006.4233,384.18
1672,2006,6,11,2006.4425,384.28
1673,2006,6,18,2006.4616,383.93
1674,2006,6,25,2006.4808,383.44
1675,2006,7,2,2006.5,383.11
1676,2006,7,9,2006.5192,382.83
1677,2006,7,16,2006.5384,381.8
1678,2006,7,23,2006.5575,382.11
1679,2006,7,30,2006.5767,381.51
1680,2006,8,6,2006.5959,380.59
1681,2006,8,13,2006.6151,380.4
1682,2006,8,20,2006.6342,379.79
1683,2006,8,27,2006.6534,379.55
1684,2006,9,3,2006.6726,378.69
1685,2006,9,10,2006.6918,379.14
1686,2006,9,17,2006.711,378.66
1687,2006,9,24,2006.7301,378.87
1688,2006,10,1,2006.7493,378.92
1689,2006,10,8,2006.7685,378.9
1690,2006,10,15,2006.7877,378.93
1691,2006,10,22,2006.8068,379.48
1692,2006,10,29,2006.826,379.64
1693,2006,11,5,2006.8452,379.76
1694,2006,11,12,2006.8644,380.0
1695,2006,11,19,2006.8836,380.38
1696,2006,11,26,2006.9027,381.24
1697,2006,12,3,2006.9219,381.47
1698,2006,12,10,2006.9411,381.7
1699,2006,12,17,2006.9603,382.18
1700,2006,12,24,2006.9795,382.0
1701,2006,12,31,2006.9986,382.08
1702,2007,1,7,2007.0178,382.92
1703,2007,1,14,2007.037,382.43
1704,2007,1,21,2007.0562,383.55
1705,2007,1,28,2007.0753,383.67
1706,2007,2,4,2007.0945,383.26
1707,2007,2,11,2007.1137,384.81
1708,2007,2,18,2007.1329,384.71
1709,2007,2,25,2007.1521,384.0
1710,2007,3,4,2007.1712,383.41
1711,2007,3,11,2007.1904,384.33
1712,2007,3,18,2007.2096,385.08
1713,2007,3,25,2007.2288,385.85
1714,2007,4,1,2007.2479,385.85
1715,2007,4,8,2007.2671,385.78
1716,2007,4,15,2007.2863,387.29
1717,2007,4,22,2007.3055,386.96
1718,2007,4,29,2007.3247,386.6
1719,2007,5,6,2007.3438,386.25
1720,2007,5,13,2007.3629999999998,386.65
1721,2007,5,20,2007.3822,386.51
1722,2007,5,27,2007.4014,386.91
1723,2007,6,3,2007.4205,386.9
1724,2007,6,10,2007.4397,386.43
1725,2007,6,17,2007.4589,385.7
1726,2007,6,24,2007.4781,385.04
1727,2007,7,1,2007.4973,385.38
1728,2007,7,8,2007.5164,385.12
1729,2007,7,15,2007.5356,384.08
1730,2007,7,22,2007.5548,383.8
1731,2007,7,29,2007.5739999999998,382.87
1732,2007,8,5,2007.5932,382.39
1733,2007,8,12,2007.6123,381.87
1734,2007,8,19,2007.6315,382.09
1735,2007,8,26,2007.6507,381.62
1736,2007,9,2,2007.6699,381.52
1737,2007,9,9,2007.6889999999999,380.65
1738,2007,9,16,2007.7082,380.79
1739,2007,9,23,2007.7274,380.67
1740,2007,9,30,2007.7466,380.87
1741,2007,10,7,2007.7658,380.94
1742,2007,10,14,2007.7849,381.02
1743,2007,10,21,2007.8041,381.34
1744,2007,10,28,2007.8233,381.75
1745,2007,11,4,2007.8425,382.01
1746,2007,11,11,2007.8616,382.21
1747,2007,11,18,2007.8808,383.04
1748,2007,11,25,2007.9,382.87
1749,2007,12,2,2007.9192,383.66
1750,2007,12,9,2007.9384,383.68
1751,2007,12,16,2007.9575,384.38
1752,2007,12,23,2007.9767,383.88
1753,2007,12,30,2007.9959,384.76
1754,2008,1,6,2008.015,384.39
1755,2008,1,13,2008.0342,385.79
1756,2008,1,20,2008.0533,385.99
1757,2008,1,27,2008.0724,386.76
1758,2008,2,3,2008.0915,386.01
1759,2008,2,10,2008.1107,385.95
1760,2008,2,17,2008.1298,385.3
1761,2008,2,24,2008.1489,385.36
1762,2008,3,2,2008.168,385.81
1763,2008,3,9,2008.1872,385.72
1764,2008,3,16,2008.2063,385.82
1765,2008,3,23,2008.2254,386.74
1766,2008,3,30,2008.2445,388.09
1767,2008,4,6,2008.2637,386.73
1768,2008,4,13,2008.2828,386.48
1769,2008,4,20,2008.3019,387.33
1770,2008,4,27,2008.3210000000001,387.27
1771,2008,5,4,2008.3402,388.52
1772,2008,5,11,2008.3593,388.87
1773,2008,5,18,2008.3784,388.89
1774,2008,5,25,2008.3975,388.59
1775,2008,6,1,2008.4167,388.54
1776,2008,6,8,2008.4358,387.47
1777,2008,6,15,2008.4549,387.88
1778,2008,6,22,2008.474,387.34
1779,2008,6,29,2008.4932,-999.99
1780,2008,7,6,2008.5123,-999.99
1781,2008,7,13,2008.5314,-999.99
1782,2008,7,20,2008.5505,386.37
1783,2008,7,27,2008.5697,384.9
1784,2008,8,3,2008.5888,385.23
1785,2008,8,10,2008.6079,383.93
1786,2008,8,17,2008.6270000000002,383.68
1787,2008,8,24,2008.6462,383.3
1788,2008,8,31,2008.6653,383.51
1789,2008,9,7,2008.6844,383.03
1790,2008,9,14,2008.7036,383.37
1791,2008,9,21,2008.7227,383.06
1792,2008,9,28,2008.7418,382.75
1793,2008,10,5,2008.7609,382.87
1794,2008,10,12,2008.7801,382.85
1795,2008,10,19,2008.7992,383.07
1796,2008,10,26,2008.8183,383.99
1797,2008,11,2,2008.8374,383.79
1798,2008,11,9,2008.8566,384.11
1799,2008,11,16,2008.8757,384.34
1800,2008,11,23,2008.8948,384.49
1801,2008,11,30,2008.9139,385.05
1802,2008,12,7,2008.9331,385.29
1803,2008,12,14,2008.9522,385.54
1804,2008,12,21,2008.9713,385.93
1805,2008,12,28,2008.9904,386.23
1806,2009,1,4,2009.0096,386.4
1807,2009,1,11,2009.0288,387.02
1808,2009,1,18,2009.0479,387.14
1809,2009,1,25,2009.0671,387.5
1810,2009,2,1,2009.0863,387.03
1811,2009,2,8,2009.1055,386.94
1812,2009,2,15,2009.1247,387.62
1813,2009,2,22,2009.1438,388.22
1814,2009,3,1,2009.1629999999998,389.08
1815,2009,3,8,2009.1822,388.8
1816,2009,3,15,2009.2014,388.2
1817,2009,3,22,2009.2205,389.29
1818,2009,3,29,2009.2397,389.04
1819,2009,4,5,2009.2589,389.43
1820,2009,4,12,2009.2781,388.93
1821,2009,4,19,2009.2973,389.56
1822,2009,4,26,2009.3164,390.52
1823,2009,5,3,2009.3356,389.76
1824,2009,5,10,2009.3548,390.17
1825,2009,5,17,2009.374,390.38
1826,2009,5,24,2009.3932,390.41
1827,2009,5,31,2009.4123,389.85
1828,2009,6,7,2009.4315,390.2
1829,2009,6,14,2009.4507,389.42
1830,2009,6,21,2009.4699,388.49
1831,2009,6,28,2009.489,388.69
1832,2009,7,5,2009.5082,388.48
1833,2009,7,12,2009.5274,388.36
1834,2009,7,19,2009.5466,387.68
1835,2009,7,26,2009.5658,387.37
1836,2009,8,2,2009.5849,387.06
1837,2009,8,9,2009.6041,386.01
1838,2009,8,16,2009.6233,385.7
1839,2009,8,23,2009.6425,385.86
1840,2009,8,30,2009.6616,385.15
1841,2009,9,6,2009.6808,384.69
1842,2009,9,13,2009.7,384.76
1843,2009,9,20,2009.7192,384.62
1844,2009,9,27,2009.7384,384.03
1845,2009,10,4,2009.7575,383.88
1846,2009,10,11,2009.7767,384.38
1847,2009,10,18,2009.7959,384.71
1848,2009,10,25,2009.8151,385.01
1849,2009,11,1,2009.8342,385.36
1850,2009,11,8,2009.8534,385.69
1851,2009,11,15,2009.8726,386.34
1852,2009,11,22,2009.8918,386.38
1853,2009,11,29,2009.911,387.07
1854,2009,12,6,2009.9301,386.97
1855,2009,12,13,2009.9493,386.87
1856,2009,12,20,2009.9685,388.4
1857,2009,12,27,2009.9877,388.6
1858,2010,1,3,2010.0068,388.17
1859,2010,1,10,2010.026,388.33
1860,2010,1,17,2010.0452,388.33
1861,2010,1,24,2010.0644,389.01
1862,2010,1,31,2010.0836,390.71
1863,2010,2,7,2010.1027,390.35
1864,2010,2,14,2010.1219,390.22
1865,2010,2,21,2010.1411,389.57
1866,2010,2,28,2010.1603,390.93
1867,2010,3,7,2010.1795,391.38
1868,2010,3,14,2010.1986,391.17
1869,2010,3,21,2010.2178,390.29
1870,2010,3,28,2010.237,391.77
1871,2010,4,4,2010.2562,391.19
1872,2010,4,11,2010.2753,392.71
1873,2010,4,18,2010.2945,393.3
1874,2010,4,25,2010.3137,393.2
1875,2010,5,2,2010.3329,393.01
1876,2010,5,9,2010.3521,392.6
1877,2010,5,16,2010.3712,393.42
1878,2010,5,23,2010.3904,392.71
1879,2010,5,30,2010.4096,393.3
1880,2010,6,6,2010.4288,392.75
1881,2010,6,13,2010.4479,391.85
1882,2010,6,20,2010.4671,391.64
1883,2010,6,27,2010.4863,391.15
1884,2010,7,4,2010.5055,390.55
1885,2010,7,11,2010.5247,389.85
1886,2010,7,18,2010.5438,390.26
1887,2010,7,25,2010.5629999999999,389.82
1888,2010,8,1,2010.5822,388.86
1889,2010,8,8,2010.6014,388.82
1890,2010,8,15,2010.6205,388.47
1891,2010,8,22,2010.6397,387.62
1892,2010,8,29,2010.6589,387.53
1893,2010,9,5,2010.6781,386.14
1894,2010,9,12,2010.6973,387.06
1895,2010,9,19,2010.7164,386.78
1896,2010,9,26,2010.7356,386.78
1897,2010,10,3,2010.7548,386.95
1898,2010,10,10,2010.774,386.84
1899,2010,10,17,2010.7932,387.43
1900,2010,10,24,2010.8123,387.83
1901,2010,10,31,2010.8315,388.05
1902,2010,11,7,2010.8507,387.96
1903,2010,11,14,2010.8699,388.63
1904,2010,11,21,2010.889,389.49
1905,2010,11,28,2010.9082,389.66
1906,2010,12,5,2010.9274,389.78
1907,2010,12,12,2010.9466,389.44
1908,2010,12,19,2010.9658,390.15
1909,2010,12,26,2010.9849,389.94
1910,2011,1,2,2011.0041,391.64
1911,2011,1,9,2011.0233,390.76
1912,2011,1,16,2011.0425,391.52
1913,2011,1,23,2011.0616,391.37
1914,2011,1,30,2011.0808,392.07
1915,2011,2,6,2011.1,391.44
1916,2011,2,13,2011.1192,391.65
1917,2011,2,20,2011.1384,392.05
1918,2011,2,27,2011.1575,392.06
1919,2011,3,6,2011.1767,391.88
1920,2011,3,13,2011.1959,392.49
1921,2011,3,20,2011.2151,392.89
1922,2011,3,27,2011.2342,394.0
1923,2011,4,3,2011.2534,393.0
1924,2011,4,10,2011.2726,393.08
1925,2011,4,17,2011.2918,393.55
1926,2011,4,24,2011.3110000000001,393.31
1927,2011,5,1,2011.3301,394.14
1928,2011,5,8,2011.3493,392.89
1929,2011,5,15,2011.3685,394.91
1930,2011,5,22,2011.3877,394.85
1931,2011,5,29,2011.4068,394.19
1932,2011,6,5,2011.4260000000002,393.49
1933,2011,6,12,2011.4452,393.79
1934,2011,6,19,2011.4644,393.54
1935,2011,6,26,2011.4836,393.45
1936,2011,7,3,2011.5027,393.5
1937,2011,7,10,2011.5219,393.29
1938,2011,7,17,2011.5411,391.32
1939,2011,7,24,2011.5603,391.98
1940,2011,7,31,2011.5795,391.19
1941,2011,8,7,2011.5986,390.6
1942,2011,8,14,2011.6178,390.14
1943,2011,8,21,2011.6370000000002,389.39
1944,2011,8,28,2011.6562,389.52
1945,2011,9,4,2011.6753,389.04
1946,2011,9,11,2011.6945,389.14
1947,2011,9,18,2011.7137,389.08
1948,2011,9,25,2011.7329,388.67
1949,2011,10,2,2011.7521,388.77
1950,2011,10,9,2011.7712,388.8
1951,2011,10,16,2011.7904,389.03
1952,2011,10,23,2011.8096,389.24
1953,2011,10,30,2011.8288,389.61
1954,2011,11,6,2011.8479,389.76
1955,2011,11,13,2011.8671,390.44
1956,2011,11,20,2011.8863,390.51
1957,2011,11,27,2011.9055,391.15
1958,2011,12,4,2011.9247,391.36
1959,2011,12,11,2011.9438,392.01
1960,2011,12,18,2011.963,392.35
1961,2011,12,25,2011.9822,392.2
1962,2012,1,1,2012.0014,392.96
1963,2012,1,8,2012.0205,393.37
1964,2012,1,15,2012.0396,392.97
1965,2012,1,22,2012.0587,393.34
1966,2012,1,29,2012.0779,393.24
1967,2012,2,5,2012.0970000000002,393.71
1968,2012,2,12,2012.1161,393.49
1969,2012,2,19,2012.1352,394.44
1970,2012,2,26,2012.1544,394.26
1971,2012,3,4,2012.1735,393.55
1972,2012,3,11,2012.1926,394.27
1973,2012,3,18,2012.2117,394.79
1974,2012,3,25,2012.2309,395.12
1975,2012,4,1,2012.25,395.32
1976,2012,4,8,2012.2691,396.62
1977,2012,4,15,2012.2883,396.16
1978,2012,4,22,2012.3074,396.61
1979,2012,4,29,2012.3265,396.92
1980,2012,5,6,2012.3456,397.12
1981,2012,5,13,2012.3648,396.99
1982,2012,5,20,2012.3839,396.12
1983,2012,5,27,2012.4029999999998,396.3
1984,2012,6,3,2012.4221,395.73
1985,2012,6,10,2012.4413,396.24
1986,2012,6,17,2012.4604,395.57
1987,2012,6,24,2012.4795,395.25
1988,2012,7,1,2012.4986,394.96
1989,2012,7,8,2012.5178,394.36
1990,2012,7,15,2012.5369,394.47
1991,2012,7,22,2012.556,394.08
1992,2012,7,29,2012.5751,393.43
1993,2012,8,5,2012.5943,393.24
1994,2012,8,12,2012.6134,392.49
1995,2012,8,19,2012.6325,391.36
1996,2012,8,26,2012.6516,391.79
1997,2012,9,2,2012.6708,391.86
1998,2012,9,9,2012.6899,390.91
1999,2012,9,16,2012.7089999999998,390.79
2000,2012,9,23,2012.7281,390.89
2001,2012,9,30,2012.7473,390.81
2002,2012,10,7,2012.7664,390.96
2003,2012,10,14,2012.7855,390.89
2004,2012,10,21,2012.8046,391.33
2005,2012,10,28,2012.8238,391.56
2006,2012,11,4,2012.8429,392.29
2007,2012,11,11,2012.862,393.26
2008,2012,11,18,2012.8811,393.16
2009,2012,11,25,2012.9003,393.71
2010,2012,12,2,2012.9194,393.64
2011,2012,12,9,2012.9385,394.4
2012,2012,12,16,2012.9577,394.53
2013,2012,12,23,2012.9768,394.84
2014,2012,12,30,2012.9959,394.5
2015,2013,1,6,2013.0151,395.34
2016,2013,1,13,2013.0342,395.98
2017,2013,1,20,2013.0534,395.78
2018,2013,1,27,2013.0726,395.77
2019,2013,2,3,2013.0918,396.63
2020,2013,2,10,2013.111,396.97
2021,2013,2,17,2013.1301,397.15
2022,2013,2,24,2013.1493,396.73
2023,2013,3,3,2013.1685,397.65
2024,2013,3,10,2013.1877,396.94
2025,2013,3,17,2013.2068,397.36
2026,2013,3,24,2013.226,397.96
2027,2013,3,31,2013.2452,398.07
2028,2013,4,7,2013.2644,397.76
2029,2013,4,14,2013.2836,397.96
2030,2013,4,21,2013.3027,399.2
2031,2013,4,28,2013.3219,399.53
2032,2013,5,5,2013.3411,399.52
2033,2013,5,12,2013.3603,399.74
2034,2013,5,19,2013.3795,399.93
2035,2013,5,26,2013.3986,399.88
2036,2013,6,2,2013.4178,399.18
2037,2013,6,9,2013.4370000000001,398.61
2038,2013,6,16,2013.4562,398.14
2039,2013,6,23,2013.4753,398.64
2040,2013,6,30,2013.4945,398.24
2041,2013,7,7,2013.5137,397.74
2042,2013,7,14,2013.5329,397.08
2043,2013,7,21,2013.5521,396.82
2044,2013,7,28,2013.5712,396.68
2045,2013,8,4,2013.5904,395.67
2046,2013,8,11,2013.6096,395.13
2047,2013,8,18,2013.6288,395.15
2048,2013,8,25,2013.6479,394.22
2049,2013,9,1,2013.6671,393.85
2050,2013,9,8,2013.6863,393.35
2051,2013,9,15,2013.7055,393.3
2052,2013,9,22,2013.7247,393.38
2053,2013,9,29,2013.7438,393.31
2054,2013,10,6,2013.763,393.34
2055,2013,10,13,2013.7822,393.68
2056,2013,10,20,2013.8014,393.98
2057,2013,10,27,2013.8205,394.24
2058,2013,11,3,2013.8397,394.46
2059,2013,11,10,2013.8589,395.53
2060,2013,11,17,2013.8781,394.87
2061,2013,11,24,2013.8973,396.0
2062,2013,12,1,2013.9164,396.26
2063,2013,12,8,2013.9356,396.14
2064,2013,12,15,2013.9548,397.43
2065,2013,12,22,2013.974,397.27
2066,2013,12,29,2013.9932,397.41
2067,2014,1,5,2014.0123,398.23
2068,2014,1,12,2014.0315,397.74
2069,2014,1,19,2014.0507,397.97
2070,2014,1,26,2014.0699,397.83
2071,2014,2,2,2014.089,397.96
2072,2014,2,9,2014.1082,397.87
2073,2014,2,16,2014.1274,398.08
2074,2014,2,23,2014.1466,397.97
2075,2014,3,2,2014.1658,398.43
2076,2014,3,9,2014.1849,399.8
2077,2014,3,16,2014.2041,401.24
2078,2014,3,23,2014.2233,400.06
2079,2014,3,30,2014.2425,400.62
2080,2014,4,6,2014.2616,401.12
2081,2014,4,13,2014.2808,401.74
2082,2014,4,20,2014.3,401.59
2083,2014,4,27,2014.3192,401.74
2084,2014,5,4,2014.3384,401.71
2085,2014,5,11,2014.3575,401.71
2086,2014,5,18,2014.3767,401.75
2087,2014,5,25,2014.3959,401.82
2088,2014,6,1,2014.4151,401.82
2089,2014,6,8,2014.4342,401.5
2090,2014,6,15,2014.4534,401.03
2091,2014,6,22,2014.4726,400.94
2092,2014,6,29,2014.4918,400.22
2093,2014,7,6,2014.511,399.84
2094,2014,7,13,2014.5301,398.76
2095,2014,7,20,2014.5493,398.84
2096,2014,7,27,2014.5685,397.42
2097,2014,8,3,2014.5877,397.78
2098,2014,8,10,2014.6068,397.23
2099,2014,8,17,2014.626,396.77
2100,2014,8,24,2014.6452,396.32
2101,2014,8,31,2014.6644,396.37
2102,2014,9,7,2014.6836,395.02
2103,2014,9,14,2014.7027,395.08
2104,2014,9,21,2014.7219,395.45
2105,2014,9,28,2014.7411,395.33
2106,2014,10,5,2014.7603,395.56
2107,2014,10,12,2014.7795,395.65
2108,2014,10,19,2014.7986,395.86
2109,2014,10,26,2014.8178,397.51
2110,2014,11,2,2014.8370000000002,396.77
2111,2014,11,9,2014.8562,397.22
2112,2014,11,16,2014.8753,397.32
2113,2014,11,23,2014.8945,397.87
2114,2014,11,30,2014.9137,398.2
2115,2014,12,7,2014.9329,399.12
2116,2014,12,14,2014.9521,399.11
2117,2014,12,21,2014.9712,398.92
2118,2014,12,28,2014.9904,399.84
2119,2015,1,4,2015.0096,399.85
2120,2015,1,11,2015.0288,400.16
2121,2015,1,18,2015.0479,399.51
2122,2015,1,25,2015.0671,400.2
2123,2015,2,1,2015.0863,400.23
2124,2015,2,8,2015.1055,399.95
2125,2015,2,15,2015.1247,399.93
2126,2015,2,22,2015.1438,401.12
2127,2015,3,1,2015.1629999999998,401.28
2128,2015,3,8,2015.1822,402.04
2129,2015,3,15,2015.2014,400.78
2130,2015,3,22,2015.2205,401.77
2131,2015,3,29,2015.2397,401.96
2132,2015,4,5,2015.2589,403.44
2133,2015,4,12,2015.2781,404.04
2134,2015,4,19,2015.2973,403.07
2135,2015,4,26,2015.3164,403.8
2136,2015,5,3,2015.3356,404.13
2137,2015,5,10,2015.3548,403.96
2138,2015,5,17,2015.374,403.97
2139,2015,5,24,2015.3932,403.81
2140,2015,5,31,2015.4123,403.21
2141,2015,6,7,2015.4315,403.24
2142,2015,6,14,2015.4507,402.39
2143,2015,6,21,2015.4699,402.7
2144,2015,6,28,2015.489,402.17
2145,2015,7,5,2015.5082,401.73
2146,2015,7,12,2015.5274,401.39
2147,2015,7,19,2015.5466,401.25
2148,2015,7,26,2015.5658,400.21
2149,2015,8,2,2015.5849,398.36
2150,2015,8,9,2015.6041,399.19
2151,2015,8,16,2015.6233,399.14
2152,2015,8,23,2015.6425,398.85
2153,2015,8,30,2015.6616,398.49
2154,2015,9,6,2015.6808,397.77
2155,2015,9,13,2015.7,397.24
2156,2015,9,20,2015.7192,397.33
2157,2015,9,27,2015.7384,397.2
2158,2015,10,4,2015.7575,398.37
2159,2015,10,11,2015.7767,398.18
2160,2015,10,18,2015.7959,398.52
2161,2015,10,25,2015.8151,398.48
2162,2015,11,1,2015.8342,399.06
2163,2015,11,8,2015.8534,400.43
2164,2015,11,15,2015.8726,400.35
2165,2015,11,22,2015.8918,400.37
2166,2015,11,29,2015.911,400.8
2167,2015,12,6,2015.9301,401.31
2168,2015,12,13,2015.9493,402.35
2169,2015,12,20,2015.9685,402.6
2170,2015,12,27,2015.9877,402.08
2171,2016,1,3,2016.0068,402.15
2172,2016,1,10,2016.026,402.48
2173,2016,1,17,2016.0451,402.61
2174,2016,1,24,2016.0642,403.15
2175,2016,1,31,2016.0833,404.6
2176,2016,2,7,2016.1025,403.86
2177,2016,2,14,2016.1216,403.68
2178,2016,2,21,2016.1407,404.39
2179,2016,2,28,2016.1598,404.17
2180,2016,3,6,2016.1789999999999,404.0
2181,2016,3,13,2016.1981,404.78
2182,2016,3,20,2016.2172,405.66
2183,2016,3,27,2016.2363,405.45
2184,2016,4,3,2016.2555,406.6
2185,2016,4,10,2016.2746,408.72
2186,2016,4,17,2016.2937,407.45
2187,2016,4,24,2016.3128,407.81
2188,2016,5,1,2016.332,407.56
2189,2016,5,8,2016.3511,407.86
2190,2016,5,15,2016.3702,407.31
2191,2016,5,22,2016.3893,408.33
2192,2016,5,29,2016.4085,407.55
2193,2016,6,5,2016.4276,406.88
2194,2016,6,12,2016.4467,407.22
2195,2016,6,19,2016.4658,406.66
2196,2016,6,26,2016.485,405.99
2197,2016,7,3,2016.5041,405.59
2198,2016,7,10,2016.5232,404.5
2199,2016,7,17,2016.5423,403.41
2200,2016,7,24,2016.5615,403.85
2201,2016,7,31,2016.5806,403.49
2202,2016,8,7,2016.5997,402.9
2203,2016,8,14,2016.6189,401.87
2204,2016,8,21,2016.638,401.99
2205,2016,8,28,2016.6571,401.0
2206,2016,9,4,2016.6762,400.99
2207,2016,9,11,2016.6954,401.35
2208,2016,9,18,2016.7145,400.89
2209,2016,9,25,2016.7336,400.74
2210,2016,10,2,2016.7527,400.93
2211,2016,10,9,2016.7719,401.59
2212,2016,10,16,2016.7910000000002,401.67
2213,2016,10,23,2016.8101,402.09
2214,2016,10,30,2016.8292,402.83
2215,2016,11,6,2016.8484,402.78
2216,2016,11,13,2016.8675,403.76
2217,2016,11,20,2016.8866,404.0
2218,2016,11,27,2016.9057,404.4
2219,2016,12,4,2016.9249,403.89
2220,2016,12,11,2016.944,404.79
2221,2016,12,18,2016.9631,404.43
2222,2016,12,25,2016.9822,404.78
2223,2017,1,1,2017.0014,405.95
2224,2017,1,8,2017.0205,406.02
2225,2017,1,15,2017.0397,406.18
2226,2017,1,22,2017.0589,406.52
2227,2017,1,29,2017.0781,406.24
2228,2017,2,5,2017.0973,406.07
2229,2017,2,12,2017.1164,405.95
2230,2017,2,19,2017.1356,406.95
2231,2017,2,26,2017.1548,407.41
2232,2017,3,5,2017.174,406.15
2233,2017,3,12,2017.1932,407.1
2234,2017,3,19,2017.2123,406.82
2235,2017,3,26,2017.2315,408.41
2236,2017,4,2,2017.2507,407.64
2237,2017,4,9,2017.2699,408.89
2238,2017,4,16,2017.289,409.65
2239,2017,4,23,2017.3082,409.96
2240,2017,4,30,2017.3274,409.17
2241,2017,5,7,2017.3466,409.32
2242,2017,5,14,2017.3658,410.4
2243,2017,5,21,2017.3849,410.0
2244,2017,5,28,2017.4041,409.57
2245,2017,6,4,2017.4233,409.69
2246,2017,6,11,2017.4425,409.43
2247,2017,6,18,2017.4616,408.31
2248,2017,6,25,2017.4808,407.76
2249,2017,7,2,2017.5,408.04
2250,2017,7,9,2017.5192,407.06
2251,2017,7,16,2017.5384,406.81
2252,2017,7,23,2017.5575,406.73
2253,2017,7,30,2017.5767,406.47
2254,2017,8,6,2017.5959,405.53
2255,2017,8,13,2017.6151,405.2
2256,2017,8,20,2017.6342,404.54
2257,2017,8,27,2017.6534,404.23
2258,2017,9,3,2017.6726,403.7
2259,2017,9,10,2017.6918,403.68
2260,2017,9,17,2017.711,403.05
2261,2017,9,24,2017.7301,402.76
2262,2017,10,1,2017.7493,402.95
2263,2017,10,8,2017.7685,403.4
2264,2017,10,15,2017.7877,403.95
2265,2017,10,22,2017.8068,404.0
2266,2017,10,29,2017.826,404.15
2267,2017,11,5,2017.8452,404.25
2268,2017,11,12,2017.8644,405.07
2269,2017,11,19,2017.8836,406.12
2270,2017,11,26,2017.9027,406.33
2271,2017,12,3,2017.9219,406.74
2272,2017,12,10,2017.9411,406.53
2273,2017,12,17,2017.9603,406.83
2274,2017,12,24,2017.9795,407.21
2275,2017,12,31,2017.9986,407.37
2276,2018,1,7,2018.0178,408.14
2277,2018,1,14,2018.037,407.89
2278,2018,1,21,2018.0562,408.27
2279,2018,1,28,2018.0753,407.88
2280,2018,2,4,2018.0945,408.2
2281,2018,2,11,2018.1137,408.37
2282,2018,2,18,2018.1329,408.45
2283,2018,2,25,2018.1521,408.9
2284,2018,3,4,2018.1712,409.83
2285,2018,3,11,2018.1904,408.84
2286,2018,3,18,2018.2096,409.12
2287,2018,3,25,2018.2288,410.03
2288,2018,4,1,2018.2479,409.2
2289,2018,4,8,2018.2671,409.45
2290,2018,4,15,2018.2863,411.05
2291,2018,4,22,2018.3055,411.67
2292,2018,4,29,2018.3247,409.62
2293,2018,5,6,2018.3438,411.06
2294,2018,5,13,2018.3629999999998,411.85
2295,2018,5,20,2018.3822,411.45
2296,2018,5,27,2018.4014,411.39
2297,2018,6,3,2018.4205,410.94
2298,2018,6,10,2018.4397,411.16
2299,2018,6,17,2018.4589,410.36
2300,2018,6,24,2018.4781,410.57
2301,2018,7,1,2018.4973,409.38
2302,2018,7,8,2018.5164,409.16
2303,2018,7,15,2018.5356,408.54
2304,2018,7,22,2018.5548,408.28
2305,2018,7,29,2018.5739999999998,407.46
2306,2018,8,5,2018.5932,407.23
2307,2018,8,12,2018.6123,407.07
2308,2018,8,19,2018.6315,406.84
2309,2018,8,26,2018.6507,406.26
2310,2018,9,2,2018.6699,405.47
2311,2018,9,9,2018.6889999999999,405.39
2312,2018,9,16,2018.7082,405.69
2313,2018,9,23,2018.7274,405.54
2314,2018,9,30,2018.7466,405.5
2315,2018,10,7,2018.7658,405.58
2316,2018,10,14,2018.7849,406.0
2317,2018,10,21,2018.8041,406.62
2318,2018,10,28,2018.8233,406.48
2319,2018,11,4,2018.8425,406.99
2320,2018,11,11,2018.8616,408.72
2321,2018,11,18,2018.8808,408.6
2322,2018,11,25,2018.9,408.38
2323,2018,12,2,2018.9192,408.49
2324,2018,12,9,2018.9384,409.4
2325,2018,12,16,2018.9575,409.3
2326,2018,12,23,2018.9767,409.13
2327,2018,12,30,2018.9959,409.6
2328,2019,1,6,2019.0151,410.67
2329,2019,1,13,2019.0342,410.4
2330,2019,1,20,2019.0534,411.99
2331,2019,1,27,2019.0726,411.02
2332,2019,2,3,2019.0918,411.63
2333,2019,2,10,2019.111,412.41
2334,2019,2,17,2019.1301,410.98
2335,2019,2,24,2019.1493,412.4
2336,2019,3,3,2019.1685,412.14
2337,2019,3,10,2019.1877,412.16
